841.4945396884826
730.2780220277183
681.9826189570173
293.15
301.09728701106127
308.40109279785617
314.96384744753806
320.8575536793648
326.1503491662014
330.9035000810808
335.1720276487524
339.0053432574628
342.44782039342164
345.53930829613137
348.31559324302833
350.8088128052686
353.0478278519702
355.058556654947
356.86427489926103
358.485885119903
359.94215866422394
361.2499529842724
362.42440677437247
363.479115212799
364.4262873361005
365.2768873677997
366.04076163745617
366.7267525592745
367.34280098963734
367.896038148443
368.39286816828934
368.83904222708304
369.2397251222163
369.59955505694154
369.92269733103643
370.21289255725475
370.47349996170396
370.70753626939535
370.91771062508354
371.10645595363843
371.27595712296346
371.42817623547097
371.56487534088075
371.687636833258
371.79788176840634
371.89688631364623
371.9857965204057
372.06564159061816
372.13734579050237
372.20173914963294
372.2595670691525
372.3114989503455
372.3581359434561
372.40001790645147
1000
997.136717327274
988.2343988679883
981.9174281923691
979.1937894634033
970.7256421986364
964.7167538182665
962.1259485175589
954.0707976682903
948.3549662323295
945.8905159971387
938.2282194905059
932.7911524431222
930.4468948641859
923.158292967812
917.9863948093463
915.7564680216485
908.8233354343312
903.9036737254669
901.7825017505219
895.1875020294868
890.5077750534157
888.4900538564174
882.2166960671814
877.765202068903
875.8458862958754
869.8784837763203
865.6440917021605
863.8183820639442
858.1420131994918
854.1141348636697
852.3774661352003
846.9779370470018
843.1465006556506
842.8895227543054
842.0796043582222
840.1086544772907
835.7890014928454
832.7137642795194
831.1423614312627
826.2566654724728
822.7898384607433
821.2950738337343
816.6476560785591
813.3499082153411
811.928044119424
807.5072836027449
804.3703688006608
803.0178498349804
798.8126923528353
795.8287666909345
794.5422108535813
790.5421413218968
787.7037434317681
786.4799336630119
782.6749498244166
779.9749822328795
778.8108583708448
775.1914457838157
772.6231571655418
771.5158082942088
768.072916542011
765.6298848376933
764.5765420080913
761.3015620680229
758.9776784258829
757.9757077322765
754.8604504486271
752.6499039491026
751.6967999428548
748.7334755497509
746.6307386751718
745.7241180998174
742.9053167427503
740.9051315556636
740.042727387527
737.3614005948563
735.4587655904448
734.6384213698993
732.0878644280035
729.4976864669147
727.0715216549137
725.3499463100496
724.6076681636274
722.2998288057588
720.6622156812257
719.9561388671834
717.7608541629535
716.2031083729455
715.5314673314695
713.4432479256449
711.9614742942942
711.3225895729386
709.3362138293005
707.9267071507074
707.3189812048886
705.4294821494217
704.0887179227108
703.5106311210142
701.7132840218839
700.4379096381157
699.8880164624252
698.1783270156877
696.9651533745903
696.4420788055403
694.8157718970418
693.6617654325987
693.1642015113091
691.6172105266733
690.5194856216285
690.0461881791271
688.5746448351008
687.5304566054128
687.0802421515635
685.6804668232948
684.6872042544961
684.2589470186581
682.9274395387158
681.575248073032
680.3086789791654
679.4099378409779
679.0224346694455
677.8176368791936
676.9627278635386
676.5941234446888
675.4480843360254
674.6348697250618
674.2842423558501
673.1940962340585
672.4205425676744
672.0870154970443
671.0500364289886
670.3142094200917
669.9969486566403
669.0105436545124
668.310603352306
668.0088155788707
667.0705181163698
666.4047143055157
666.1176448954689
665.2251087402019
664.5917765643712
664.3187076946601
663.4697010413377
662.8672568402033
662.6075056964182
661.7999055861793
661.2268429354391
660.9797600044227
660.2115470163317
659.6664329608639
294.2817644400242
295.00703828826107
298.30077148288115
299.05437278333204
301.8189915096449
302.2783977200843
303.0137390227391
305.89574755529435
306.6251193577361
309.1252088085189
309.4653670394071
310.18784216132866
312.7140746164791
313.43050487345084
315.6760671365299
315.91968819000294
316.6301318611071
318.8371668033922
319.5421670379562
321.55878374088064
321.71594019372634
322.4155687309658
324.3359576323286
325.030697412351
326.8417034153042
326.92121605877577
327.6111319289175
329.2741008863912
329.95962644179195
331.5859852939146
331.5957706704416
332.27696415591305
333.70875928123036
334.38601008098334
335.8465480943155
335.793715482236
336.4670759027385
337.69126729473317
338.36108701918073
339.6727110100871
339.56364483524305
340.22997083702774
341.2677254264616
341.93087173566187
343.10876472976054
342.9491984725212
343.60920727320035
344.47953384583866
345.13668715009163
346.1944841370073
345.9895667016352
346.6439023925085
347.3638716299905
348.01564296609564
348.9655887346276
348.3787308566986
349.02860853802355
348.57715069412535
349.22665813821567
348.7199448245556
349.3691858250047
349.05638615031444
349.7049993752967
350.08879227097117
350.73547909992334
351.4541561273671
351.1719366791179
351.81660243802196
352.2802845152374
352.9228821762982
353.68899333202467
353.37392822064487
354.0144852207193
354.36927075801873
355.0079705200603
355.69597025877147
355.35140837334944
355.9882755367989
356.24526744395973
356.88046673027185
357.4983191619049
357.1272679443774
357.7608214807965
357.9299906334122
358.562046346668
359.1169035737794
358.7220638323137
359.3526415935936
359.44294225339615
360.07217490706694
360.57045981575345
360.1542569886161
360.78216237983196
360.80163584694515
361.42833327548266
361.87581388507505
361.44042611688786
362.06593160843903
362.0217993054233
362.6462199961582
363.0480762283466
362.595459583735
363.2188098653928
363.11755693059706
363.7399330159224
364.10081665621203
363.63272776271134
364.2541425760857
364.1015929339572
364.722132878434
365.0462214240304
364.56423780635845
365.18391448857085
364.9852982659236
365.6041892794137
365.8952342968669
365.4007726379504
366.0188884059582
365.7789024745892
366.3963126793485
366.65768323173387
366.15201577186826
366.7687297738831
366.4915921203681
367.10767249718776
367.34239414352317
366.826663407503
367.44211856525004
367.13161711727986
367.7465032532009
367.95729307154687
367.4325250942426
368.0468497573859
367.70638623185584
368.3201998896906
368.50949792935677
367.97661413283276
368.5899235647188
368.22255284513716
368.83540337296444
369.00540089989687
368.4652287595589
369.07762647147507
368.68609197051643
369.2980775674671
369.450742429787
368.904025053027
369.51560400242244
369.1023694189774
369.7135782719626
369.85067767927677
369.29808240749543
369.90892607403254
369.476203912356
370.0867152168963
370.2098361970625
369.6519623306431
370.2621456825371
369.8119228636369
370.4218077406095
370.53237551077046
369.9697612464273
370.57935160825906
370.1134124699889
370.722734788905
370.8220292534383
370.25515791424584
370.8642157462941
370.3841626983915
370.99297981673317
371.08215038309766
370.5114560133152
371.1200356114295
370.62730768460494
371.2356711117811
371.31574999576657
370.74162238522285
371.34977250933827
370.8456620131291
371.453618006735
371.5255321811292
370.9483213773323
371.55608581590224
371.0417532981183
371.6493433994021
371.71392532439154
371.13394568458875
371.74136376146873
371.2178514423987
371.82511295713175
371.8831102166497
371.300644046747
371.907751076398
371.37599491328655
371.98296134360623
372.0350452991731
371.45034612163664
372.0571738179158
371.5180143393664
372.12471577158783
372.1714893338227
371.58478482239025
372.1913616656628
371.6455537013827
372.2520171542705
372.29402176202956
371.70551637720394
372.31186794402436
371.76008936254203
372.3663391000725
372.40406098800867
371.81393834384085
372.420087603021
371.8629471585179
372.4690049707528
372.5028807978434
371.9113057874015
372.5172733658913
371.9553177449881
372.56120320031084
372.59162510451193
371.9987458086414
372.60455023030136
372.0382703803611
372.64400105199525
372.6713211895303
372.0772705910002
372.68292849102875
372.11276530323966
372.7183569726722
372.74289159450257
372.14778911738046
372.7533154348791
372.179664847898
372.78513168756183
372.80716480022744
372.2111176923022
372.8165258432064
372.2397434264442
372.8450981637746
372.8648848169825
372.267989391237
372.8732914236159
372.2936964932197
372.89895055798377
372.9167197969969
372.3190625465028
372.9242692800244
372.342148595198
372.9473122518029
372.9632697688118
372.36492836795105
372.97004951912817
372.38566060158513
372.9907430678961
373.0050735830577
1
-3.0658731692439773
-2.991687182083262
-2.9390457597864366
-2.916348770378388
-2.845780876505331
-2.795706806668914
-2.7741167624963508
-2.7069905054191126
-2.6593585767861065
-2.638821491492849
-2.5749690206042426
-2.529660128542712
-2.5101246487182434
-2.449386299581794
-2.4062871482612467
-2.387704425030431
-2.3299283201361205
-2.288931139228918
-2.2712547061043766
-2.216296375095751
-2.177298650295158
-2.160484306986838
-2.108206325409872
-2.071110542090887
-2.055116243982322
-2.005387889652698
-1.9701012890346987
-1.9548870420495639
-1.907583968179127
-1.874018315380609
-1.859546075976697
-1.8145500002417094
-1.7826213636471162
-1.7804798811359064
-1.7737305611685477
-1.76885502225405
-1.7573059788274503
-1.7213088706237396
-1.695681893846023
-1.6825868701105509
-1.6418727371206367
-1.6129825120228907
-1.600526140131148
-1.5617976588380214
-1.5343164266445382
-1.5224675591785624
-1.485627888206236
-1.459486931522203
-1.4482159401415335
-1.413172961123657
-1.3883069139411512
-1.377585615296541
-1.3442517025325038
-1.3205983867814302
-1.3103999720417974
-1.2786917733868362
-1.2561920434573608
-1.2464910112737377
-1.216329239715161
-1.1949268345628798
-1.1856989273017706
-1.1570081627001236
-1.1366495651641428
-1.1278717082507932
-1.1005802087502226
-1.0812145117323892
-1.0728647559523365
-1.0469042785885914
-1.0284830577592219
-1.0205405243738224
-0.9958461544312901
-0.9783233471431307
-0.9707681756818449
-0.9472781643729528
-0.9306099544805625
-0.9234232530794237
-0.9010788631405018
-0.8852235714370741
-0.8783873695991953
-0.8571327284167299
-0.8420507084143531
-0.8355479120743231
-0.8153298719743147
-0.8009834107671139
-0.7947977595469283
-0.7755657648980236
-0.7619189888602488
-0.756035015409897
-0.7377409762079796
-0.7247597612912476
-0.7191627526122799
-0.7017609242304091
-0.6894128106358198
-0.6840887712911887
-0.6675356400942052
-0.6557897511059303
-0.6507253682241065
-0.6349795427618815
-0.6238065075392908
-0.6189891175251527
-0.6040112250324007
-0.5933831051676663
-0.5888006620369128
-0.5745532499807671
-0.5644434696382881
-0.5600845148962046
-0.5465319573253836
-0.5369152367883576
-0.5327688707776121
-0.5198772792389791
-0.5107295716969401
-0.5067854263427605
-0.49452256514254256
-0.48582099656180966
-0.4820692094463974
-0.47040441504415814
-0.4621272269708359
-0.45855841667218716
-0.44746252100600076
-0.43958901615851215
-0.436194258791969
-0.4256395163430803
-0.41815000685818426
-0.41492081376208084
-0.4048808321766486
-0.3977565903795233
-0.3946848868891088
-0.38513456098358073
-0.37835777255888386
-0.3754358778154531
-0.36635132680052457
-0.3599050462473227
-0.3571256539920718
-0.3484841617582744
-0.34235227001746726
-0.33970843032203796
-0.33148838863763996
-0.3256555527859201
-0.32314065467395814
-0.3153215091531186
-0.3097731440626667
-0.30738089897894383
-0.29994309768505156
-0.2946653295531297
-0.2923897556388703
-0.2853147001945169
-0.2802943318517293
-0.2781297389868549
-0.2713997380681976
-0.2666242159786961
-0.26456519155355934
-0.25816341665280024
-0.2536207995239024
293.15
1.2754496075097541
1.7814788281771285
1.3875447358366204
1.1803229639772337
1.2003091764442124
1.524411376643767
1.260551937067325
1.2692717388198487
1.1997275485156131
1.1930325449109491
1.1518379168286792
1.1567955942580948
1.134535738008497
1.1326598942273898
1.0763960367655365
1.0742905093013768
1.0360080258885365
1.034229680319688
1.0189149732686282
1.0170190017306737
0.9666265103954362
0.9648207409190322
0.9304134264532647
0.9286807120406066
0.9150292894614913
0.9133220245621974
0.8680704032311937
0.8664505998771266
0.8355507870235922
0.8339917823778864
0.8217344535431272
0.820201158276412
0.779563380791254
0.7781087702394794
0.7503594375195446
0.7489593220393989
0.7379517783210822
0.736574813101919
0.7000803970945839
0.6987740970898848
0.6738540398106099
0.672596676370563
0.6627114445218679
0.6614748723347369
0.6287013662102278
0.6275282543967283
0.6051490046319975
0.6040198398430353
0.5951424897866551
0.5940319964384065
0.5646000223947836
0.5635465191076486
0.5434490203624872
0.5424349833334012
0.534462753098663
0.5334654838020086
0.5070343447951896
0.5060882549479766
0.4880398636904362
0.48712921618723937
0.4799698212645306
0.479074231883781
0.4553379677729439
0.45448833967025853
0.43828013231491364
0.43746233291398995
0.43714850830796964
0.43633282043658483
0.43359220266987825
0.4327831506108721
0.4310328841170208
0.43022860756309045
0.4250028006372954
0.42420977578827984
0.4064988458139639
0.40574034802210784
0.39359382019291067
0.39285940225645755
0.3870855017872342
0.3863632279077273
0.367220433305283
0.36653522622373536
0.3534636500550025
0.3528041121477482
0.3476189089505818
0.3469702769125114
0.3297792497537021
0.3291639052445656
0.31742508520345786
0.3168327926823244
0.3121762641641215
0.3115937655679323
0.2961555068963443
0.29560290188810956
0.28506095238003026
0.2845290490176122
0.28034729238887474
0.279824184379063
0.26595998483957234
0.26546372251729883
0.2559966126173137
0.2555189412354089
0.25176354954535063
0.2512937767566491
0.23884314790309427
0.23839748366035002
0.2298956245126017
0.22946665570900251
0.2260941574985362
0.22567228196068934
0.2144910984809841
0.21409087342194696
0.20645584966778552
0.20607061780861735
0.20304197389681897
0.20266311208588292
0.19262194344476585
0.1922625246659
0.18540595521301423
0.1850600009522907
0.18234015252789978
0.18199991883601704
0.17298253101974675
0.17265975798076352
0.16650227292554526
0.1661915915849356
0.16374905437441695
0.16344351034292792
0.15534552036430144
0.15505565672658037
0.14952597858873143
0.1492469738000389
0.14705347361368873
0.14677908234253056
0.1395067499302579
0.13924644030608727
0.13428055893780588
0.1340300010124632
0.13206014645074324
0.13181373165640142
0.1252828741402285
0.12504910525161447
0.12058953687424279
0.12036452541754065
0.11859551394484431
0.11837422319241989
0.11250924102755835
0.11229930682537106
0.1082944286095648
0.10809235894613638
0.10650371293567433
0.10630498461966732
0.10103798626466043
0.10084945660398015
0.09725290909839719
0.09707144212123339
0.09564477181118802
0.09546630550317779
0.09073632152526656
0.09056701403467556
0.087337164520767
0.08717419961420651
0.08589299023185987
0.08573272005126427
0.08148499735898689
0.08133295217806319
0.07843241273918687
0.07828606346298139
0.07713548405466822
0.07699155475466957
0.0731769227907817
0.07304037988312957
0.07043557461288734
0.07030414686507669
0.06927087861630549
0.0691416241079402
0.06571592566385902
0.06559330444360725
0.06325408077869489
0.06313605318494625
0.06220813524526103
0.062092059311211
0.05901563937274714
0.05890552040782776
0.05680480009033477
0.05669880639346571
0.05586549742097179
0.05576125639578148
0.05299850310842228
0.05289961168968074
0.05101307731616041
0.05091789056012203
0.05016954438175848
0.05007593159776511
0.04759486403293716
0.04750605541849248
0.0458118689461927
0.04572638727310191
0.04505434122443431
0.04497027304392456
0.0427421709942753
0.042662417158214526
0.04114096711578518
0.04106420101155179
0.040460675658757765
0.04038517892987518
0.03838425045259444
0.038312628184736616
0.036946302653947015
0.03687736349398094
0.036335372580182684
0.036267573372033395
0.03447065622874137
0.034406336447996295
0.033179319191705345
0.03311740895365574
0.03263067853048338
0.032569792016634305
0.030956085551445033
0.030898323708374552
0.029796411087120073
0.02974081311364622
0.029303708913697976
0.02924903028734158
0.02779985464469117
0.02774798210292371
0.02675841865680806
0.026708489360176862
0.026315951575992685
0.026266847891307375
0.02496542778257423
0.024918844078730292
0.024030174872806873
0.02398533628408802
0.023632820998563637
0.023588723843745805
0.022419994360961062
0.022378160253958845
0.021580098279919475
0.021539831358962532
0.021223257944306264
0.02118365686189913
0.02013408909003844
0.020096520318896537
0.019379827413909926
0.01934366604112413
0.019059369924374146
0.019023806502346582
0.01808125091211865
0.018047512590295006
0.0174038924995251
0.017371418080009717
0.017116108321807173
0.0170841708870508
0.01623771669426731
0.016207418275534194
0.015629420616991192
0.015600257235161735
0.0153709784347328
0.01534229728762172
0.01458214615389068
0.01455493691142546
0.014035870931200768
0.014009680999159835
0.013803779083260909
0.013778022218089962
0.013095374827450419
0.013070939794019684
0.012604796916458437
0.012581277266377274
0.012396368766457552
0.012373238028396408
0.011760192228454642
0.011738248550337886
0.011319632823808594
0.011298511198022944
0.011132455660626617
0.011111683294069245
0.01056114262260942
0.01054143628534937
0.010165501920689405
0.010146533820601789
0.009997409029253241
0.009978754578595667
0.00948434611675488
0.009466649004830185
0.009129044281889986
0.009112010137676341
0.00897808986150835
0.00896133738751032
0.008517337988653492
0.008501445244729346
0.008198262136569353
0.008182964765439865
0.008062698777746968
0.008047654358122637
0.007648924398077942
0.007634652051844933
0.0073623809885090385
0.0073486433117767695
0.007240639443763152
0.00722712892808452
0.006869052810373091
0.006856235648770107
0.006611724889471508
0.006599387883440527
1
1
1
996.5945886873872
993.7540937062164
984.927066460421
978.6617075031926
975.9597644957446
967.5574364162491
961.5936962039461
959.0219723480158
951.0247340866676
945.3487448268728
942.9011643140103
935.2901729706609
929.8884965450933
927.5592470764192
920.3163737126056
915.1760941955421
912.9595944222153
906.0674409128255
901.1761739053912
899.0670747593376
892.5089760833785
887.8548667318543
885.848049687767
879.6080655741979
875.1797801191159
873.2703529581352
867.3332526220995
863.1199657973127
861.3032567564615
855.6544992247455
851.6458790351546
849.9174299449702
844.5431416514184
840.7293325625689
840.4735286844722
839.6673037364768
839.0849007880419
837.7052994994135
833.4050449818164
830.3434474219085
828.7789604489628
823.9145388069526
820.4626023011
818.9742062562558
814.3463942274824
811.0623824165585
809.6463965273502
805.243744804042
802.1195286924226
800.7724468753557
796.5840502348352
793.6118877429187
792.3303709444365
788.3458442444133
785.5183630079168
784.2992317474042
780.5086865921616
777.8188672743986
776.6590944172628
773.0531165714763
770.4942767341245
769.3909805124425
765.9606081093178
763.5263866682175
762.4768239588085
759.2135265275165
756.8978688063116
755.8994286705858
752.795086992239
750.5922303767428
749.6424278626777
746.6893146527357
744.5937748417311
743.6902450454544
740.8810064522604
738.8875642953011
738.0280566776945
735.3556945810161
733.4593834901476
732.6417564424371
730.099611531789
728.295705451576
727.5179211028661
725.0996567125953
723.3836586311303
722.6437778901733
720.3433645664504
718.7109955489361
718.0071733720089
715.8188741457669
714.2660628716366
713.5965437481689
711.5149000874515
710.0377728717154
709.4008865192233
707.4207049342486
706.0155762137356
705.4097334736317
703.5260727480089
702.1894360133452
701.6131249392876
699.8212839611845
698.5498031156692
698.0015852462636
696.2970914138481
695.0875925407987
694.5660993486619
692.9446975247758
691.7941610454134
691.298090554823
689.7557325465737
688.6612857510586
688.1893993166616
686.7222338563913
685.6811437911966
685.2322630304953
683.8366262354061
682.8462929308118
682.4192968034192
681.091703091956
680.1496531140557
679.7434751409663
678.4806085849116
677.5844888971297
677.1981145135247
675.9968206055831
675.144392725306
674.7768567606723
673.6341345781618
672.8232690146846
672.4736532942866
671.3866480403613
670.6153190009296
670.2827500629274
669.2487459675535
668.5150263188626
668.1986732416154
667.2150868052981
666.5171432783509
666.2162156126868
665.2805891766932
664.6166778034662
664.3304236049322
663.4404192324864
662.8088810033689
662.5365849596959
661.68997861332
661.0892353447894
660.8302169940283
660.0248929948806
659.4534433973614
659.2070554323527
658.4410011880626
657.8974171243799
