i	z_L[i]	z_U[i]	LUv[2*i]	x[i]	LUv[2*i+1]		sigma[i]
0	0	0	-Infinity	841.4945396884826	Infinity		0.000000e+00  
1	0	0	-Infinity	730.2780220277183	Infinity		0.000000e+00  
2	0	0	-Infinity	681.9826189570173	Infinity		0.000000e+00  
3	0	0	-Infinity	293.15	Infinity		0.000000e+00  
4	0	0	-Infinity	301.09728701106127	Infinity		0.000000e+00  
5	0	0	-Infinity	308.40109279785617	Infinity		0.000000e+00  
6	0	0	-Infinity	314.96384744753806	Infinity		0.000000e+00  
7	0	0	-Infinity	320.8575536793648	Infinity		0.000000e+00  
8	0	0	-Infinity	326.1503491662014	Infinity		0.000000e+00  
9	0	0	-Infinity	330.9035000810808	Infinity		0.000000e+00  
10	0	0	-Infinity	335.1720276487524	Infinity		0.000000e+00  
11	0	0	-Infinity	339.0053432574628	Infinity		0.000000e+00  
12	0	0	-Infinity	342.44782039342164	Infinity		0.000000e+00  
13	0	0	-Infinity	345.53930829613137	Infinity		0.000000e+00  
14	0	0	-Infinity	348.31559324302833	Infinity		0.000000e+00  
15	0	0	-Infinity	350.8088128052686	Infinity		0.000000e+00  
16	0	0	-Infinity	353.0478278519702	Infinity		0.000000e+00  
17	0	0	-Infinity	355.058556654947	Infinity		0.000000e+00  
18	0	0	-Infinity	356.86427489926103	Infinity		0.000000e+00  
19	0	0	-Infinity	358.485885119903	Infinity		0.000000e+00  
20	0	0	-Infinity	359.94215866422394	Infinity		0.000000e+00  
21	0	0	-Infinity	361.2499529842724	Infinity		0.000000e+00  
22	0	0	-Infinity	362.42440677437247	Infinity		0.000000e+00  
23	0	0	-Infinity	363.479115212799	Infinity		0.000000e+00  
24	0	0	-Infinity	364.4262873361005	Infinity		0.000000e+00  
25	0	0	-Infinity	365.2768873677997	Infinity		0.000000e+00  
26	0	0	-Infinity	366.04076163745617	Infinity		0.000000e+00  
27	0	0	-Infinity	366.7267525592745	Infinity		0.000000e+00  
28	0	0	-Infinity	367.34280098963734	Infinity		0.000000e+00  
29	0	0	-Infinity	367.896038148443	Infinity		0.000000e+00  
30	0	0	-Infinity	368.39286816828934	Infinity		0.000000e+00  
31	0	0	-Infinity	368.83904222708304	Infinity		0.000000e+00  
32	0	0	-Infinity	369.2397251222163	Infinity		0.000000e+00  
33	0	0	-Infinity	369.59955505694154	Infinity		0.000000e+00  
34	0	0	-Infinity	369.92269733103643	Infinity		0.000000e+00  
35	0	0	-Infinity	370.21289255725475	Infinity		0.000000e+00  
36	0	0	-Infinity	370.47349996170396	Infinity		0.000000e+00  
37	0	0	-Infinity	370.70753626939535	Infinity		0.000000e+00  
38	0	0	-Infinity	370.91771062508354	Infinity		0.000000e+00  
39	0	0	-Infinity	371.10645595363843	Infinity		0.000000e+00  
40	0	0	-Infinity	371.27595712296346	Infinity		0.000000e+00  
41	0	0	-Infinity	371.42817623547097	Infinity		0.000000e+00  
42	0	0	-Infinity	371.56487534088075	Infinity		0.000000e+00  
43	0	0	-Infinity	371.687636833258	Infinity		0.000000e+00  
44	0	0	-Infinity	371.79788176840634	Infinity		0.000000e+00  
45	0	0	-Infinity	371.89688631364623	Infinity		0.000000e+00  
46	0	0	-Infinity	371.9857965204057	Infinity		0.000000e+00  
47	0	0	-Infinity	372.06564159061816	Infinity		0.000000e+00  
48	0	0	-Infinity	372.13734579050237	Infinity		0.000000e+00  
49	0	0	-Infinity	372.20173914963294	Infinity		0.000000e+00  
50	0	0	-Infinity	372.2595670691525	Infinity		0.000000e+00  
51	0	0	-Infinity	372.3114989503455	Infinity		0.000000e+00  
52	0	0	-Infinity	372.3581359434561	Infinity		0.000000e+00  
53	0	0	-Infinity	372.40001790645147	Infinity		0.000000e+00  
54	0	0	-Infinity	1000	Infinity		0.000000e+00  
55	0	0	-Infinity	997.136717327274	Infinity		0.000000e+00  
56	0	0	-Infinity	988.2343988679883	Infinity		0.000000e+00  
57	0	0	-Infinity	981.9174281923691	Infinity		0.000000e+00  
58	0	0	-Infinity	979.1937894634033	Infinity		0.000000e+00  
59	0	0	-Infinity	970.7256421986364	Infinity		0.000000e+00  
60	0	0	-Infinity	964.7167538182665	Infinity		0.000000e+00  
61	0	0	-Infinity	962.1259485175589	Infinity		0.000000e+00  
62	0	0	-Infinity	954.0707976682903	Infinity		0.000000e+00  
63	0	0	-Infinity	948.3549662323295	Infinity		0.000000e+00  
64	0	0	-Infinity	945.8905159971387	Infinity		0.000000e+00  
65	0	0	-Infinity	938.2282194905059	Infinity		0.000000e+00  
66	0	0	-Infinity	932.7911524431222	Infinity		0.000000e+00  
67	0	0	-Infinity	930.4468948641859	Infinity		0.000000e+00  
68	0	0	-Infinity	923.158292967812	Infinity		0.000000e+00  
69	0	0	-Infinity	917.9863948093463	Infinity		0.000000e+00  
70	0	0	-Infinity	915.7564680216485	Infinity		0.000000e+00  
71	0	0	-Infinity	908.8233354343312	Infinity		0.000000e+00  
72	0	0	-Infinity	903.9036737254669	Infinity		0.000000e+00  
73	0	0	-Infinity	901.7825017505219	Infinity		0.000000e+00  
74	0	0	-Infinity	895.1875020294868	Infinity		0.000000e+00  
75	0	0	-Infinity	890.5077750534157	Infinity		0.000000e+00  
76	0	0	-Infinity	888.4900538564174	Infinity		0.000000e+00  
77	0	0	-Infinity	882.2166960671814	Infinity		0.000000e+00  
78	0	0	-Infinity	877.765202068903	Infinity		0.000000e+00  
79	0	0	-Infinity	875.8458862958754	Infinity		0.000000e+00  
80	0	0	-Infinity	869.8784837763203	Infinity		0.000000e+00  
81	0	0	-Infinity	865.6440917021605	Infinity		0.000000e+00  
82	0	0	-Infinity	863.8183820639442	Infinity		0.000000e+00  
83	0	0	-Infinity	858.1420131994918	Infinity		0.000000e+00  
84	0	0	-Infinity	854.1141348636697	Infinity		0.000000e+00  
85	0	0	-Infinity	852.3774661352003	Infinity		0.000000e+00  
86	0	0	-Infinity	846.9779370470018	Infinity		0.000000e+00  
87	0	0	-Infinity	843.1465006556506	Infinity		0.000000e+00  
88	0	0	-Infinity	842.8895227543054	Infinity		0.000000e+00  
89	0	0	-Infinity	842.0796043582222	Infinity		0.000000e+00  
90	0	0	-Infinity	840.1086544772907	Infinity		0.000000e+00  
91	0	0	-Infinity	835.7890014928454	Infinity		0.000000e+00  
92	0	0	-Infinity	832.7137642795194	Infinity		0.000000e+00  
93	0	0	-Infinity	831.1423614312627	Infinity		0.000000e+00  
94	0	0	-Infinity	826.2566654724728	Infinity		0.000000e+00  
95	0	0	-Infinity	822.7898384607433	Infinity		0.000000e+00  
96	0	0	-Infinity	821.2950738337343	Infinity		0.000000e+00  
97	0	0	-Infinity	816.6476560785591	Infinity		0.000000e+00  
98	0	0	-Infinity	813.3499082153411	Infinity		0.000000e+00  
99	0	0	-Infinity	811.928044119424	Infinity		0.000000e+00  
100	0	0	-Infinity	807.5072836027449	Infinity		0.000000e+00  
101	0	0	-Infinity	804.3703688006608	Infinity		0.000000e+00  
102	0	0	-Infinity	803.0178498349804	Infinity		0.000000e+00  
103	0	0	-Infinity	798.8126923528353	Infinity		0.000000e+00  
104	0	0	-Infinity	795.8287666909345	Infinity		0.000000e+00  
105	0	0	-Infinity	794.5422108535813	Infinity		0.000000e+00  
106	0	0	-Infinity	790.5421413218968	Infinity		0.000000e+00  
107	0	0	-Infinity	787.7037434317681	Infinity		0.000000e+00  
108	0	0	-Infinity	786.4799336630119	Infinity		0.000000e+00  
109	0	0	-Infinity	782.6749498244166	Infinity		0.000000e+00  
110	0	0	-Infinity	779.9749822328795	Infinity		0.000000e+00  
111	0	0	-Infinity	778.8108583708448	Infinity		0.000000e+00  
112	0	0	-Infinity	775.1914457838157	Infinity		0.000000e+00  
113	0	0	-Infinity	772.6231571655418	Infinity		0.000000e+00  
114	0	0	-Infinity	771.5158082942088	Infinity		0.000000e+00  
115	0	0	-Infinity	768.072916542011	Infinity		0.000000e+00  
116	0	0	-Infinity	765.6298848376933	Infinity		0.000000e+00  
117	0	0	-Infinity	764.5765420080913	Infinity		0.000000e+00  
118	0	0	-Infinity	761.3015620680229	Infinity		0.000000e+00  
119	0	0	-Infinity	758.9776784258829	Infinity		0.000000e+00  
120	0	0	-Infinity	757.9757077322765	Infinity		0.000000e+00  
121	0	0	-Infinity	754.8604504486271	Infinity		0.000000e+00  
122	0	0	-Infinity	752.6499039491026	Infinity		0.000000e+00  
123	0	0	-Infinity	751.6967999428548	Infinity		0.000000e+00  
124	0	0	-Infinity	748.7334755497509	Infinity		0.000000e+00  
125	0	0	-Infinity	746.6307386751718	Infinity		0.000000e+00  
126	0	0	-Infinity	745.7241180998174	Infinity		0.000000e+00  
127	0	0	-Infinity	742.9053167427503	Infinity		0.000000e+00  
128	0	0	-Infinity	740.9051315556636	Infinity		0.000000e+00  
129	0	0	-Infinity	740.042727387527	Infinity		0.000000e+00  
130	0	0	-Infinity	737.3614005948563	Infinity		0.000000e+00  
131	0	0	-Infinity	735.4587655904448	Infinity		0.000000e+00  
132	0	0	-Infinity	734.6384213698993	Infinity		0.000000e+00  
133	0	0	-Infinity	732.0878644280035	Infinity		0.000000e+00  
134	0	0	-Infinity	729.4976864669147	Infinity		0.000000e+00  
135	0	0	-Infinity	727.0715216549137	Infinity		0.000000e+00  
136	0	0	-Infinity	725.3499463100496	Infinity		0.000000e+00  
137	0	0	-Infinity	724.6076681636274	Infinity		0.000000e+00  
138	0	0	-Infinity	722.2998288057588	Infinity		0.000000e+00  
139	0	0	-Infinity	720.6622156812257	Infinity		0.000000e+00  
140	0	0	-Infinity	719.9561388671834	Infinity		0.000000e+00  
141	0	0	-Infinity	717.7608541629535	Infinity		0.000000e+00  
142	0	0	-Infinity	716.2031083729455	Infinity		0.000000e+00  
143	0	0	-Infinity	715.5314673314695	Infinity		0.000000e+00  
144	0	0	-Infinity	713.4432479256449	Infinity		0.000000e+00  
145	0	0	-Infinity	711.9614742942942	Infinity		0.000000e+00  
146	0	0	-Infinity	711.3225895729386	Infinity		0.000000e+00  
147	0	0	-Infinity	709.3362138293005	Infinity		0.000000e+00  
148	0	0	-Infinity	707.9267071507074	Infinity		0.000000e+00  
149	0	0	-Infinity	707.3189812048886	Infinity		0.000000e+00  
150	0	0	-Infinity	705.4294821494217	Infinity		0.000000e+00  
151	0	0	-Infinity	704.0887179227108	Infinity		0.000000e+00  
152	0	0	-Infinity	703.5106311210142	Infinity		0.000000e+00  
153	0	0	-Infinity	701.7132840218839	Infinity		0.000000e+00  
154	0	0	-Infinity	700.4379096381157	Infinity		0.000000e+00  
155	0	0	-Infinity	699.8880164624252	Infinity		0.000000e+00  
156	0	0	-Infinity	698.1783270156877	Infinity		0.000000e+00  
157	0	0	-Infinity	696.9651533745903	Infinity		0.000000e+00  
158	0	0	-Infinity	696.4420788055403	Infinity		0.000000e+00  
159	0	0	-Infinity	694.8157718970418	Infinity		0.000000e+00  
160	0	0	-Infinity	693.6617654325987	Infinity		0.000000e+00  
161	0	0	-Infinity	693.1642015113091	Infinity		0.000000e+00  
162	0	0	-Infinity	691.6172105266733	Infinity		0.000000e+00  
163	0	0	-Infinity	690.5194856216285	Infinity		0.000000e+00  
164	0	0	-Infinity	690.0461881791271	Infinity		0.000000e+00  
165	0	0	-Infinity	688.5746448351008	Infinity		0.000000e+00  
166	0	0	-Infinity	687.5304566054128	Infinity		0.000000e+00  
167	0	0	-Infinity	687.0802421515635	Infinity		0.000000e+00  
168	0	0	-Infinity	685.6804668232948	Infinity		0.000000e+00  
169	0	0	-Infinity	684.6872042544961	Infinity		0.000000e+00  
170	0	0	-Infinity	684.2589470186581	Infinity		0.000000e+00  
171	0	0	-Infinity	682.9274395387158	Infinity		0.000000e+00  
172	0	0	-Infinity	681.575248073032	Infinity		0.000000e+00  
173	0	0	-Infinity	680.3086789791654	Infinity		0.000000e+00  
174	0	0	-Infinity	679.4099378409779	Infinity		0.000000e+00  
175	0	0	-Infinity	679.0224346694455	Infinity		0.000000e+00  
176	0	0	-Infinity	677.8176368791936	Infinity		0.000000e+00  
177	0	0	-Infinity	676.9627278635386	Infinity		0.000000e+00  
178	0	0	-Infinity	676.5941234446888	Infinity		0.000000e+00  
179	0	0	-Infinity	675.4480843360254	Infinity		0.000000e+00  
180	0	0	-Infinity	674.6348697250618	Infinity		0.000000e+00  
181	0	0	-Infinity	674.2842423558501	Infinity		0.000000e+00  
182	0	0	-Infinity	673.1940962340585	Infinity		0.000000e+00  
183	0	0	-Infinity	672.4205425676744	Infinity		0.000000e+00  
184	0	0	-Infinity	672.0870154970443	Infinity		0.000000e+00  
185	0	0	-Infinity	671.0500364289886	Infinity		0.000000e+00  
186	0	0	-Infinity	670.3142094200917	Infinity		0.000000e+00  
187	0	0	-Infinity	669.9969486566403	Infinity		0.000000e+00  
188	0	0	-Infinity	669.0105436545124	Infinity		0.000000e+00  
189	0	0	-Infinity	668.310603352306	Infinity		0.000000e+00  
190	0	0	-Infinity	668.0088155788707	Infinity		0.000000e+00  
191	0	0	-Infinity	667.0705181163698	Infinity		0.000000e+00  
192	0	0	-Infinity	666.4047143055157	Infinity		0.000000e+00  
193	0	0	-Infinity	666.1176448954689	Infinity		0.000000e+00  
194	0	0	-Infinity	665.2251087402019	Infinity		0.000000e+00  
195	0	0	-Infinity	664.5917765643712	Infinity		0.000000e+00  
196	0	0	-Infinity	664.3187076946601	Infinity		0.000000e+00  
197	0	0	-Infinity	663.4697010413377	Infinity		0.000000e+00  
198	0	0	-Infinity	662.8672568402033	Infinity		0.000000e+00  
199	0	0	-Infinity	662.6075056964182	Infinity		0.000000e+00  
200	0	0	-Infinity	661.7999055861793	Infinity		0.000000e+00  
201	0	0	-Infinity	661.2268429354391	Infinity		0.000000e+00  
202	0	0	-Infinity	660.9797600044227	Infinity		0.000000e+00  
203	0	0	-Infinity	660.2115470163317	Infinity		0.000000e+00  
204	0	0	-Infinity	659.6664329608639	Infinity		0.000000e+00  
205	0	0	-Infinity	294.2817644400242	Infinity		0.000000e+00  
206	0	0	-Infinity	295.00703828826107	Infinity		0.000000e+00  
207	0	0	-Infinity	298.30077148288115	Infinity		0.000000e+00  
208	0	0	-Infinity	299.05437278333204	Infinity		0.000000e+00  
209	0	0	-Infinity	301.8189915096449	Infinity		0.000000e+00  
210	0	0	-Infinity	302.2783977200843	Infinity		0.000000e+00  
211	0	0	-Infinity	303.0137390227391	Infinity		0.000000e+00  
212	0	0	-Infinity	305.89574755529435	Infinity		0.000000e+00  
213	0	0	-Infinity	306.6251193577361	Infinity		0.000000e+00  
214	0	0	-Infinity	309.1252088085189	Infinity		0.000000e+00  
215	0	0	-Infinity	309.4653670394071	Infinity		0.000000e+00  
216	0	0	-Infinity	310.18784216132866	Infinity		0.000000e+00  
217	0	0	-Infinity	312.7140746164791	Infinity		0.000000e+00  
218	0	0	-Infinity	313.43050487345084	Infinity		0.000000e+00  
219	0	0	-Infinity	315.6760671365299	Infinity		0.000000e+00  
220	0	0	-Infinity	315.91968819000294	Infinity		0.000000e+00  
221	0	0	-Infinity	316.6301318611071	Infinity		0.000000e+00  
222	0	0	-Infinity	318.8371668033922	Infinity		0.000000e+00  
223	0	0	-Infinity	319.5421670379562	Infinity		0.000000e+00  
224	0	0	-Infinity	321.55878374088064	Infinity		0.000000e+00  
225	0	0	-Infinity	321.71594019372634	Infinity		0.000000e+00  
226	0	0	-Infinity	322.4155687309658	Infinity		0.000000e+00  
227	0	0	-Infinity	324.3359576323286	Infinity		0.000000e+00  
228	0	0	-Infinity	325.030697412351	Infinity		0.000000e+00  
229	0	0	-Infinity	326.8417034153042	Infinity		0.000000e+00  
230	0	0	-Infinity	326.92121605877577	Infinity		0.000000e+00  
231	0	0	-Infinity	327.6111319289175	Infinity		0.000000e+00  
232	0	0	-Infinity	329.2741008863912	Infinity		0.000000e+00  
233	0	0	-Infinity	329.95962644179195	Infinity		0.000000e+00  
234	0	0	-Infinity	331.5859852939146	Infinity		0.000000e+00  
235	0	0	-Infinity	331.5957706704416	Infinity		0.000000e+00  
236	0	0	-Infinity	332.27696415591305	Infinity		0.000000e+00  
237	0	0	-Infinity	333.70875928123036	Infinity		0.000000e+00  
238	0	0	-Infinity	334.38601008098334	Infinity		0.000000e+00  
239	0	0	-Infinity	335.8465480943155	Infinity		0.000000e+00  
240	0	0	-Infinity	335.793715482236	Infinity		0.000000e+00  
241	0	0	-Infinity	336.4670759027385	Infinity		0.000000e+00  
242	0	0	-Infinity	337.69126729473317	Infinity		0.000000e+00  
243	0	0	-Infinity	338.36108701918073	Infinity		0.000000e+00  
244	0	0	-Infinity	339.6727110100871	Infinity		0.000000e+00  
245	0	0	-Infinity	339.56364483524305	Infinity		0.000000e+00  
246	0	0	-Infinity	340.22997083702774	Infinity		0.000000e+00  
247	0	0	-Infinity	341.2677254264616	Infinity		0.000000e+00  
248	0	0	-Infinity	341.93087173566187	Infinity		0.000000e+00  
249	0	0	-Infinity	343.10876472976054	Infinity		0.000000e+00  
250	0	0	-Infinity	342.9491984725212	Infinity		0.000000e+00  
251	0	0	-Infinity	343.60920727320035	Infinity		0.000000e+00  
252	0	0	-Infinity	344.47953384583866	Infinity		0.000000e+00  
253	0	0	-Infinity	345.13668715009163	Infinity		0.000000e+00  
254	0	0	-Infinity	346.1944841370073	Infinity		0.000000e+00  
255	0	0	-Infinity	345.9895667016352	Infinity		0.000000e+00  
256	0	0	-Infinity	346.6439023925085	Infinity		0.000000e+00  
257	0	0	-Infinity	347.3638716299905	Infinity		0.000000e+00  
258	0	0	-Infinity	348.01564296609564	Infinity		0.000000e+00  
259	0	0	-Infinity	348.9655887346276	Infinity		0.000000e+00  
260	0	0	-Infinity	348.3787308566986	Infinity		0.000000e+00  
261	0	0	-Infinity	349.02860853802355	Infinity		0.000000e+00  
262	0	0	-Infinity	348.57715069412535	Infinity		0.000000e+00  
263	0	0	-Infinity	349.22665813821567	Infinity		0.000000e+00  
264	0	0	-Infinity	348.7199448245556	Infinity		0.000000e+00  
265	0	0	-Infinity	349.3691858250047	Infinity		0.000000e+00  
266	0	0	-Infinity	349.05638615031444	Infinity		0.000000e+00  
267	0	0	-Infinity	349.7049993752967	Infinity		0.000000e+00  
268	0	0	-Infinity	350.08879227097117	Infinity		0.000000e+00  
269	0	0	-Infinity	350.73547909992334	Infinity		0.000000e+00  
270	0	0	-Infinity	351.4541561273671	Infinity		0.000000e+00  
271	0	0	-Infinity	351.1719366791179	Infinity		0.000000e+00  
272	0	0	-Infinity	351.81660243802196	Infinity		0.000000e+00  
273	0	0	-Infinity	352.2802845152374	Infinity		0.000000e+00  
274	0	0	-Infinity	352.9228821762982	Infinity		0.000000e+00  
275	0	0	-Infinity	353.68899333202467	Infinity		0.000000e+00  
276	0	0	-Infinity	353.37392822064487	Infinity		0.000000e+00  
277	0	0	-Infinity	354.0144852207193	Infinity		0.000000e+00  
278	0	0	-Infinity	354.36927075801873	Infinity		0.000000e+00  
279	0	0	-Infinity	355.0079705200603	Infinity		0.000000e+00  
280	0	0	-Infinity	355.69597025877147	Infinity		0.000000e+00  
281	0	0	-Infinity	355.35140837334944	Infinity		0.000000e+00  
282	0	0	-Infinity	355.9882755367989	Infinity		0.000000e+00  
283	0	0	-Infinity	356.24526744395973	Infinity		0.000000e+00  
284	0	0	-Infinity	356.88046673027185	Infinity		0.000000e+00  
285	0	0	-Infinity	357.4983191619049	Infinity		0.000000e+00  
286	0	0	-Infinity	357.1272679443774	Infinity		0.000000e+00  
287	0	0	-Infinity	357.7608214807965	Infinity		0.000000e+00  
288	0	0	-Infinity	357.9299906334122	Infinity		0.000000e+00  
289	0	0	-Infinity	358.562046346668	Infinity		0.000000e+00  
290	0	0	-Infinity	359.1169035737794	Infinity		0.000000e+00  
291	0	0	-Infinity	358.7220638323137	Infinity		0.000000e+00  
292	0	0	-Infinity	359.3526415935936	Infinity		0.000000e+00  
293	0	0	-Infinity	359.44294225339615	Infinity		0.000000e+00  
294	0	0	-Infinity	360.07217490706694	Infinity		0.000000e+00  
295	0	0	-Infinity	360.57045981575345	Infinity		0.000000e+00  
296	0	0	-Infinity	360.1542569886161	Infinity		0.000000e+00  
297	0	0	-Infinity	360.78216237983196	Infinity		0.000000e+00  
298	0	0	-Infinity	360.80163584694515	Infinity		0.000000e+00  
299	0	0	-Infinity	361.42833327548266	Infinity		0.000000e+00  
300	0	0	-Infinity	361.87581388507505	Infinity		0.000000e+00  
301	0	0	-Infinity	361.44042611688786	Infinity		0.000000e+00  
302	0	0	-Infinity	362.06593160843903	Infinity		0.000000e+00  
303	0	0	-Infinity	362.0217993054233	Infinity		0.000000e+00  
304	0	0	-Infinity	362.6462199961582	Infinity		0.000000e+00  
305	0	0	-Infinity	363.0480762283466	Infinity		0.000000e+00  
306	0	0	-Infinity	362.595459583735	Infinity		0.000000e+00  
307	0	0	-Infinity	363.2188098653928	Infinity		0.000000e+00  
308	0	0	-Infinity	363.11755693059706	Infinity		0.000000e+00  
309	0	0	-Infinity	363.7399330159224	Infinity		0.000000e+00  
310	0	0	-Infinity	364.10081665621203	Infinity		0.000000e+00  
311	0	0	-Infinity	363.63272776271134	Infinity		0.000000e+00  
312	0	0	-Infinity	364.2541425760857	Infinity		0.000000e+00  
313	0	0	-Infinity	364.1015929339572	Infinity		0.000000e+00  
314	0	0	-Infinity	364.722132878434	Infinity		0.000000e+00  
315	0	0	-Infinity	365.0462214240304	Infinity		0.000000e+00  
316	0	0	-Infinity	364.56423780635845	Infinity		0.000000e+00  
317	0	0	-Infinity	365.18391448857085	Infinity		0.000000e+00  
318	0	0	-Infinity	364.9852982659236	Infinity		0.000000e+00  
319	0	0	-Infinity	365.6041892794137	Infinity		0.000000e+00  
320	0	0	-Infinity	365.8952342968669	Infinity		0.000000e+00  
321	0	0	-Infinity	365.4007726379504	Infinity		0.000000e+00  
322	0	0	-Infinity	366.0188884059582	Infinity		0.000000e+00  
323	0	0	-Infinity	365.7789024745892	Infinity		0.000000e+00  
324	0	0	-Infinity	366.3963126793485	Infinity		0.000000e+00  
325	0	0	-Infinity	366.65768323173387	Infinity		0.000000e+00  
326	0	0	-Infinity	366.15201577186826	Infinity		0.000000e+00  
327	0	0	-Infinity	366.7687297738831	Infinity		0.000000e+00  
328	0	0	-Infinity	366.4915921203681	Infinity		0.000000e+00  
329	0	0	-Infinity	367.10767249718776	Infinity		0.000000e+00  
330	0	0	-Infinity	367.34239414352317	Infinity		0.000000e+00  
331	0	0	-Infinity	366.826663407503	Infinity		0.000000e+00  
332	0	0	-Infinity	367.44211856525004	Infinity		0.000000e+00  
333	0	0	-Infinity	367.13161711727986	Infinity		0.000000e+00  
334	0	0	-Infinity	367.7465032532009	Infinity		0.000000e+00  
335	0	0	-Infinity	367.95729307154687	Infinity		0.000000e+00  
336	0	0	-Infinity	367.4325250942426	Infinity		0.000000e+00  
337	0	0	-Infinity	368.0468497573859	Infinity		0.000000e+00  
338	0	0	-Infinity	367.70638623185584	Infinity		0.000000e+00  
339	0	0	-Infinity	368.3201998896906	Infinity		0.000000e+00  
340	0	0	-Infinity	368.50949792935677	Infinity		0.000000e+00  
341	0	0	-Infinity	367.97661413283276	Infinity		0.000000e+00  
342	0	0	-Infinity	368.5899235647188	Infinity		0.000000e+00  
343	0	0	-Infinity	368.22255284513716	Infinity		0.000000e+00  
344	0	0	-Infinity	368.83540337296444	Infinity		0.000000e+00  
345	0	0	-Infinity	369.00540089989687	Infinity		0.000000e+00  
346	0	0	-Infinity	368.4652287595589	Infinity		0.000000e+00  
347	0	0	-Infinity	369.07762647147507	Infinity		0.000000e+00  
348	0	0	-Infinity	368.68609197051643	Infinity		0.000000e+00  
349	0	0	-Infinity	369.2980775674671	Infinity		0.000000e+00  
350	0	0	-Infinity	369.450742429787	Infinity		0.000000e+00  
351	0	0	-Infinity	368.904025053027	Infinity		0.000000e+00  
352	0	0	-Infinity	369.51560400242244	Infinity		0.000000e+00  
353	0	0	-Infinity	369.1023694189774	Infinity		0.000000e+00  
354	0	0	-Infinity	369.7135782719626	Infinity		0.000000e+00  
355	0	0	-Infinity	369.85067767927677	Infinity		0.000000e+00  
356	0	0	-Infinity	369.29808240749543	Infinity		0.000000e+00  
357	0	0	-Infinity	369.90892607403254	Infinity		0.000000e+00  
358	0	0	-Infinity	369.476203912356	Infinity		0.000000e+00  
359	0	0	-Infinity	370.0867152168963	Infinity		0.000000e+00  
360	0	0	-Infinity	370.2098361970625	Infinity		0.000000e+00  
361	0	0	-Infinity	369.6519623306431	Infinity		0.000000e+00  
362	0	0	-Infinity	370.2621456825371	Infinity		0.000000e+00  
363	0	0	-Infinity	369.8119228636369	Infinity		0.000000e+00  
364	0	0	-Infinity	370.4218077406095	Infinity		0.000000e+00  
365	0	0	-Infinity	370.53237551077046	Infinity		0.000000e+00  
366	0	0	-Infinity	369.9697612464273	Infinity		0.000000e+00  
367	0	0	-Infinity	370.57935160825906	Infinity		0.000000e+00  
368	0	0	-Infinity	370.1134124699889	Infinity		0.000000e+00  
369	0	0	-Infinity	370.722734788905	Infinity		0.000000e+00  
370	0	0	-Infinity	370.8220292534383	Infinity		0.000000e+00  
371	0	0	-Infinity	370.25515791424584	Infinity		0.000000e+00  
372	0	0	-Infinity	370.8642157462941	Infinity		0.000000e+00  
373	0	0	-Infinity	370.3841626983915	Infinity		0.000000e+00  
374	0	0	-Infinity	370.99297981673317	Infinity		0.000000e+00  
375	0	0	-Infinity	371.08215038309766	Infinity		0.000000e+00  
376	0	0	-Infinity	370.5114560133152	Infinity		0.000000e+00  
377	0	0	-Infinity	371.1200356114295	Infinity		0.000000e+00  
378	0	0	-Infinity	370.62730768460494	Infinity		0.000000e+00  
379	0	0	-Infinity	371.2356711117811	Infinity		0.000000e+00  
380	0	0	-Infinity	371.31574999576657	Infinity		0.000000e+00  
381	0	0	-Infinity	370.74162238522285	Infinity		0.000000e+00  
382	0	0	-Infinity	371.34977250933827	Infinity		0.000000e+00  
383	0	0	-Infinity	370.8456620131291	Infinity		0.000000e+00  
384	0	0	-Infinity	371.453618006735	Infinity		0.000000e+00  
385	0	0	-Infinity	371.5255321811292	Infinity		0.000000e+00  
386	0	0	-Infinity	370.9483213773323	Infinity		0.000000e+00  
387	0	0	-Infinity	371.55608581590224	Infinity		0.000000e+00  
388	0	0	-Infinity	371.0417532981183	Infinity		0.000000e+00  
389	0	0	-Infinity	371.6493433994021	Infinity		0.000000e+00  
390	0	0	-Infinity	371.71392532439154	Infinity		0.000000e+00  
391	0	0	-Infinity	371.13394568458875	Infinity		0.000000e+00  
392	0	0	-Infinity	371.74136376146873	Infinity		0.000000e+00  
393	0	0	-Infinity	371.2178514423987	Infinity		0.000000e+00  
394	0	0	-Infinity	371.82511295713175	Infinity		0.000000e+00  
395	0	0	-Infinity	371.8831102166497	Infinity		0.000000e+00  
396	0	0	-Infinity	371.300644046747	Infinity		0.000000e+00  
397	0	0	-Infinity	371.907751076398	Infinity		0.000000e+00  
398	0	0	-Infinity	371.37599491328655	Infinity		0.000000e+00  
399	0	0	-Infinity	371.98296134360623	Infinity		0.000000e+00  
400	0	0	-Infinity	372.0350452991731	Infinity		0.000000e+00  
401	0	0	-Infinity	371.45034612163664	Infinity		0.000000e+00  
402	0	0	-Infinity	372.0571738179158	Infinity		0.000000e+00  
403	0	0	-Infinity	371.5180143393664	Infinity		0.000000e+00  
404	0	0	-Infinity	372.12471577158783	Infinity		0.000000e+00  
405	0	0	-Infinity	372.1714893338227	Infinity		0.000000e+00  
406	0	0	-Infinity	371.58478482239025	Infinity		0.000000e+00  
407	0	0	-Infinity	372.1913616656628	Infinity		0.000000e+00  
408	0	0	-Infinity	371.6455537013827	Infinity		0.000000e+00  
409	0	0	-Infinity	372.2520171542705	Infinity		0.000000e+00  
410	0	0	-Infinity	372.29402176202956	Infinity		0.000000e+00  
411	0	0	-Infinity	371.70551637720394	Infinity		0.000000e+00  
412	0	0	-Infinity	372.31186794402436	Infinity		0.000000e+00  
413	0	0	-Infinity	371.76008936254203	Infinity		0.000000e+00  
414	0	0	-Infinity	372.3663391000725	Infinity		0.000000e+00  
415	0	0	-Infinity	372.40406098800867	Infinity		0.000000e+00  
416	0	0	-Infinity	371.81393834384085	Infinity		0.000000e+00  
417	0	0	-Infinity	372.420087603021	Infinity		0.000000e+00  
418	0	0	-Infinity	371.8629471585179	Infinity		0.000000e+00  
419	0	0	-Infinity	372.4690049707528	Infinity		0.000000e+00  
420	0	0	-Infinity	372.5028807978434	Infinity		0.000000e+00  
421	0	0	-Infinity	371.9113057874015	Infinity		0.000000e+00  
422	0	0	-Infinity	372.5172733658913	Infinity		0.000000e+00  
423	0	0	-Infinity	371.9553177449881	Infinity		0.000000e+00  
424	0	0	-Infinity	372.56120320031084	Infinity		0.000000e+00  
425	0	0	-Infinity	372.59162510451193	Infinity		0.000000e+00  
426	0	0	-Infinity	371.9987458086414	Infinity		0.000000e+00  
427	0	0	-Infinity	372.60455023030136	Infinity		0.000000e+00  
428	0	0	-Infinity	372.0382703803611	Infinity		0.000000e+00  
429	0	0	-Infinity	372.64400105199525	Infinity		0.000000e+00  
430	0	0	-Infinity	372.6713211895303	Infinity		0.000000e+00  
431	0	0	-Infinity	372.0772705910002	Infinity		0.000000e+00  
432	0	0	-Infinity	372.68292849102875	Infinity		0.000000e+00  
433	0	0	-Infinity	372.11276530323966	Infinity		0.000000e+00  
434	0	0	-Infinity	372.7183569726722	Infinity		0.000000e+00  
435	0	0	-Infinity	372.74289159450257	Infinity		0.000000e+00  
436	0	0	-Infinity	372.14778911738046	Infinity		0.000000e+00  
437	0	0	-Infinity	372.7533154348791	Infinity		0.000000e+00  
438	0	0	-Infinity	372.179664847898	Infinity		0.000000e+00  
439	0	0	-Infinity	372.78513168756183	Infinity		0.000000e+00  
440	0	0	-Infinity	372.80716480022744	Infinity		0.000000e+00  
441	0	0	-Infinity	372.2111176923022	Infinity		0.000000e+00  
442	0	0	-Infinity	372.8165258432064	Infinity		0.000000e+00  
443	0	0	-Infinity	372.2397434264442	Infinity		0.000000e+00  
444	0	0	-Infinity	372.8450981637746	Infinity		0.000000e+00  
445	0	0	-Infinity	372.8648848169825	Infinity		0.000000e+00  
446	0	0	-Infinity	372.267989391237	Infinity		0.000000e+00  
447	0	0	-Infinity	372.8732914236159	Infinity		0.000000e+00  
448	0	0	-Infinity	372.2936964932197	Infinity		0.000000e+00  
449	0	0	-Infinity	372.89895055798377	Infinity		0.000000e+00  
450	0	0	-Infinity	372.9167197969969	Infinity		0.000000e+00  
451	0	0	-Infinity	372.3190625465028	Infinity		0.000000e+00  
452	0	0	-Infinity	372.9242692800244	Infinity		0.000000e+00  
453	0	0	-Infinity	372.342148595198	Infinity		0.000000e+00  
454	0	0	-Infinity	372.9473122518029	Infinity		0.000000e+00  
455	0	0	-Infinity	372.9632697688118	Infinity		0.000000e+00  
456	0	0	-Infinity	372.36492836795105	Infinity		0.000000e+00  
457	0	0	-Infinity	372.97004951912817	Infinity		0.000000e+00  
458	0	0	-Infinity	372.38566060158513	Infinity		0.000000e+00  
459	0	0	-Infinity	372.9907430678961	Infinity		0.000000e+00  
460	0	0	-Infinity	373.0050735830577	Infinity		0.000000e+00  
461	0	0	0.09999999000000001	1	10.0000001		0.000000e+00  
462	0	0	-Infinity	-3.0658731692439773	Infinity		0.000000e+00  
463	0	0	-Infinity	-2.991687182083262	Infinity		0.000000e+00  
464	0	0	-Infinity	-2.9390457597864366	Infinity		0.000000e+00  
465	0	0	-Infinity	-2.916348770378388	Infinity		0.000000e+00  
466	0	0	-Infinity	-2.845780876505331	Infinity		0.000000e+00  
467	0	0	-Infinity	-2.795706806668914	Infinity		0.000000e+00  
468	0	0	-Infinity	-2.7741167624963508	Infinity		0.000000e+00  
469	0	0	-Infinity	-2.7069905054191126	Infinity		0.000000e+00  
470	0	0	-Infinity	-2.6593585767861065	Infinity		0.000000e+00  
471	0	0	-Infinity	-2.638821491492849	Infinity		0.000000e+00  
472	0	0	-Infinity	-2.5749690206042426	Infinity		0.000000e+00  
473	0	0	-Infinity	-2.529660128542712	Infinity		0.000000e+00  
474	0	0	-Infinity	-2.5101246487182434	Infinity		0.000000e+00  
475	0	0	-Infinity	-2.449386299581794	Infinity		0.000000e+00  
476	0	0	-Infinity	-2.4062871482612467	Infinity		0.000000e+00  
477	0	0	-Infinity	-2.387704425030431	Infinity		0.000000e+00  
478	0	0	-Infinity	-2.3299283201361205	Infinity		0.000000e+00  
479	0	0	-Infinity	-2.288931139228918	Infinity		0.000000e+00  
480	0	0	-Infinity	-2.2712547061043766	Infinity		0.000000e+00  
481	0	0	-Infinity	-2.216296375095751	Infinity		0.000000e+00  
482	0	0	-Infinity	-2.177298650295158	Infinity		0.000000e+00  
483	0	0	-Infinity	-2.160484306986838	Infinity		0.000000e+00  
484	0	0	-Infinity	-2.108206325409872	Infinity		0.000000e+00  
485	0	0	-Infinity	-2.071110542090887	Infinity		0.000000e+00  
486	0	0	-Infinity	-2.055116243982322	Infinity		0.000000e+00  
487	0	0	-Infinity	-2.005387889652698	Infinity		0.000000e+00  
488	0	0	-Infinity	-1.9701012890346987	Infinity		0.000000e+00  
489	0	0	-Infinity	-1.9548870420495639	Infinity		0.000000e+00  
490	0	0	-Infinity	-1.907583968179127	Infinity		0.000000e+00  
491	0	0	-Infinity	-1.874018315380609	Infinity		0.000000e+00  
492	0	0	-Infinity	-1.859546075976697	Infinity		0.000000e+00  
493	0	0	-Infinity	-1.8145500002417094	Infinity		0.000000e+00  
494	0	0	-Infinity	-1.7826213636471162	Infinity		0.000000e+00  
495	0	0	-Infinity	-1.7804798811359064	Infinity		0.000000e+00  
496	0	0	-Infinity	-1.7737305611685477	Infinity		0.000000e+00  
497	0	0	-Infinity	-1.76885502225405	Infinity		0.000000e+00  
498	0	0	-Infinity	-1.7573059788274503	Infinity		0.000000e+00  
499	0	0	-Infinity	-1.7213088706237396	Infinity		0.000000e+00  
500	0	0	-Infinity	-1.695681893846023	Infinity		0.000000e+00  
501	0	0	-Infinity	-1.6825868701105509	Infinity		0.000000e+00  
502	0	0	-Infinity	-1.6418727371206367	Infinity		0.000000e+00  
503	0	0	-Infinity	-1.6129825120228907	Infinity		0.000000e+00  
504	0	0	-Infinity	-1.600526140131148	Infinity		0.000000e+00  
505	0	0	-Infinity	-1.5617976588380214	Infinity		0.000000e+00  
506	0	0	-Infinity	-1.5343164266445382	Infinity		0.000000e+00  
507	0	0	-Infinity	-1.5224675591785624	Infinity		0.000000e+00  
508	0	0	-Infinity	-1.485627888206236	Infinity		0.000000e+00  
509	0	0	-Infinity	-1.459486931522203	Infinity		0.000000e+00  
510	0	0	-Infinity	-1.4482159401415335	Infinity		0.000000e+00  
511	0	0	-Infinity	-1.413172961123657	Infinity		0.000000e+00  
512	0	0	-Infinity	-1.3883069139411512	Infinity		0.000000e+00  
513	0	0	-Infinity	-1.377585615296541	Infinity		0.000000e+00  
514	0	0	-Infinity	-1.3442517025325038	Infinity		0.000000e+00  
515	0	0	-Infinity	-1.3205983867814302	Infinity		0.000000e+00  
516	0	0	-Infinity	-1.3103999720417974	Infinity		0.000000e+00  
517	0	0	-Infinity	-1.2786917733868362	Infinity		0.000000e+00  
518	0	0	-Infinity	-1.2561920434573608	Infinity		0.000000e+00  
519	0	0	-Infinity	-1.2464910112737377	Infinity		0.000000e+00  
520	0	0	-Infinity	-1.216329239715161	Infinity		0.000000e+00  
521	0	0	-Infinity	-1.1949268345628798	Infinity		0.000000e+00  
522	0	0	-Infinity	-1.1856989273017706	Infinity		0.000000e+00  
523	0	0	-Infinity	-1.1570081627001236	Infinity		0.000000e+00  
524	0	0	-Infinity	-1.1366495651641428	Infinity		0.000000e+00  
525	0	0	-Infinity	-1.1278717082507932	Infinity		0.000000e+00  
526	0	0	-Infinity	-1.1005802087502226	Infinity		0.000000e+00  
527	0	0	-Infinity	-1.0812145117323892	Infinity		0.000000e+00  
528	0	0	-Infinity	-1.0728647559523365	Infinity		0.000000e+00  
529	0	0	-Infinity	-1.0469042785885914	Infinity		0.000000e+00  
530	0	0	-Infinity	-1.0284830577592219	Infinity		0.000000e+00  
531	0	0	-Infinity	-1.0205405243738224	Infinity		0.000000e+00  
532	0	0	-Infinity	-0.9958461544312901	Infinity		0.000000e+00  
533	0	0	-Infinity	-0.9783233471431307	Infinity		0.000000e+00  
534	0	0	-Infinity	-0.9707681756818449	Infinity		0.000000e+00  
535	0	0	-Infinity	-0.9472781643729528	Infinity		0.000000e+00  
536	0	0	-Infinity	-0.9306099544805625	Infinity		0.000000e+00  
537	0	0	-Infinity	-0.9234232530794237	Infinity		0.000000e+00  
538	0	0	-Infinity	-0.9010788631405018	Infinity		0.000000e+00  
539	0	0	-Infinity	-0.8852235714370741	Infinity		0.000000e+00  
540	0	0	-Infinity	-0.8783873695991953	Infinity		0.000000e+00  
541	0	0	-Infinity	-0.8571327284167299	Infinity		0.000000e+00  
542	0	0	-Infinity	-0.8420507084143531	Infinity		0.000000e+00  
543	0	0	-Infinity	-0.8355479120743231	Infinity		0.000000e+00  
544	0	0	-Infinity	-0.8153298719743147	Infinity		0.000000e+00  
545	0	0	-Infinity	-0.8009834107671139	Infinity		0.000000e+00  
546	0	0	-Infinity	-0.7947977595469283	Infinity		0.000000e+00  
547	0	0	-Infinity	-0.7755657648980236	Infinity		0.000000e+00  
548	0	0	-Infinity	-0.7619189888602488	Infinity		0.000000e+00  
549	0	0	-Infinity	-0.756035015409897	Infinity		0.000000e+00  
550	0	0	-Infinity	-0.7377409762079796	Infinity		0.000000e+00  
551	0	0	-Infinity	-0.7247597612912476	Infinity		0.000000e+00  
552	0	0	-Infinity	-0.7191627526122799	Infinity		0.000000e+00  
553	0	0	-Infinity	-0.7017609242304091	Infinity		0.000000e+00  
554	0	0	-Infinity	-0.6894128106358198	Infinity		0.000000e+00  
555	0	0	-Infinity	-0.6840887712911887	Infinity		0.000000e+00  
556	0	0	-Infinity	-0.6675356400942052	Infinity		0.000000e+00  
557	0	0	-Infinity	-0.6557897511059303	Infinity		0.000000e+00  
558	0	0	-Infinity	-0.6507253682241065	Infinity		0.000000e+00  
559	0	0	-Infinity	-0.6349795427618815	Infinity		0.000000e+00  
560	0	0	-Infinity	-0.6238065075392908	Infinity		0.000000e+00  
561	0	0	-Infinity	-0.6189891175251527	Infinity		0.000000e+00  
562	0	0	-Infinity	-0.6040112250324007	Infinity		0.000000e+00  
563	0	0	-Infinity	-0.5933831051676663	Infinity		0.000000e+00  
564	0	0	-Infinity	-0.5888006620369128	Infinity		0.000000e+00  
565	0	0	-Infinity	-0.5745532499807671	Infinity		0.000000e+00  
566	0	0	-Infinity	-0.5644434696382881	Infinity		0.000000e+00  
567	0	0	-Infinity	-0.5600845148962046	Infinity		0.000000e+00  
568	0	0	-Infinity	-0.5465319573253836	Infinity		0.000000e+00  
569	0	0	-Infinity	-0.5369152367883576	Infinity		0.000000e+00  
570	0	0	-Infinity	-0.5327688707776121	Infinity		0.000000e+00  
571	0	0	-Infinity	-0.5198772792389791	Infinity		0.000000e+00  
572	0	0	-Infinity	-0.5107295716969401	Infinity		0.000000e+00  
573	0	0	-Infinity	-0.5067854263427605	Infinity		0.000000e+00  
574	0	0	-Infinity	-0.49452256514254256	Infinity		0.000000e+00  
575	0	0	-Infinity	-0.48582099656180966	Infinity		0.000000e+00  
576	0	0	-Infinity	-0.4820692094463974	Infinity		0.000000e+00  
577	0	0	-Infinity	-0.47040441504415814	Infinity		0.000000e+00  
578	0	0	-Infinity	-0.4621272269708359	Infinity		0.000000e+00  
579	0	0	-Infinity	-0.45855841667218716	Infinity		0.000000e+00  
580	0	0	-Infinity	-0.44746252100600076	Infinity		0.000000e+00  
581	0	0	-Infinity	-0.43958901615851215	Infinity		0.000000e+00  
582	0	0	-Infinity	-0.436194258791969	Infinity		0.000000e+00  
583	0	0	-Infinity	-0.4256395163430803	Infinity		0.000000e+00  
584	0	0	-Infinity	-0.41815000685818426	Infinity		0.000000e+00  
585	0	0	-Infinity	-0.41492081376208084	Infinity		0.000000e+00  
586	0	0	-Infinity	-0.4048808321766486	Infinity		0.000000e+00  
587	0	0	-Infinity	-0.3977565903795233	Infinity		0.000000e+00  
588	0	0	-Infinity	-0.3946848868891088	Infinity		0.000000e+00  
589	0	0	-Infinity	-0.38513456098358073	Infinity		0.000000e+00  
590	0	0	-Infinity	-0.37835777255888386	Infinity		0.000000e+00  
591	0	0	-Infinity	-0.3754358778154531	Infinity		0.000000e+00  
592	0	0	-Infinity	-0.36635132680052457	Infinity		0.000000e+00  
593	0	0	-Infinity	-0.3599050462473227	Infinity		0.000000e+00  
594	0	0	-Infinity	-0.3571256539920718	Infinity		0.000000e+00  
595	0	0	-Infinity	-0.3484841617582744	Infinity		0.000000e+00  
596	0	0	-Infinity	-0.34235227001746726	Infinity		0.000000e+00  
597	0	0	-Infinity	-0.33970843032203796	Infinity		0.000000e+00  
598	0	0	-Infinity	-0.33148838863763996	Infinity		0.000000e+00  
599	0	0	-Infinity	-0.3256555527859201	Infinity		0.000000e+00  
600	0	0	-Infinity	-0.32314065467395814	Infinity		0.000000e+00  
601	0	0	-Infinity	-0.3153215091531186	Infinity		0.000000e+00  
602	0	0	-Infinity	-0.3097731440626667	Infinity		0.000000e+00  
603	0	0	-Infinity	-0.30738089897894383	Infinity		0.000000e+00  
604	0	0	-Infinity	-0.29994309768505156	Infinity		0.000000e+00  
605	0	0	-Infinity	-0.2946653295531297	Infinity		0.000000e+00  
606	0	0	-Infinity	-0.2923897556388703	Infinity		0.000000e+00  
607	0	0	-Infinity	-0.2853147001945169	Infinity		0.000000e+00  
608	0	0	-Infinity	-0.2802943318517293	Infinity		0.000000e+00  
609	0	0	-Infinity	-0.2781297389868549	Infinity		0.000000e+00  
610	0	0	-Infinity	-0.2713997380681976	Infinity		0.000000e+00  
611	0	0	-Infinity	-0.2666242159786961	Infinity		0.000000e+00  
612	0	0	-Infinity	-0.26456519155355934	Infinity		0.000000e+00  
613	0	0	-Infinity	-0.25816341665280024	Infinity		0.000000e+00  
614	0	0	-Infinity	-0.2536207995239024	Infinity		0.000000e+00  
615	0	0	-Infinity	293.15	Infinity		0.000000e+00  
616	0	0	-Infinity	1.2754496075097541	Infinity		0.000000e+00  
617	0	0	-Infinity	1.7814788281771285	Infinity		0.000000e+00  
618	0	0	-Infinity	1.3875447358366204	Infinity		0.000000e+00  
619	0	0	-Infinity	1.1803229639772337	Infinity		0.000000e+00  
620	0	0	-Infinity	1.2003091764442124	Infinity		0.000000e+00  
621	0	0	-Infinity	1.524411376643767	Infinity		0.000000e+00  
622	0	0	-Infinity	1.260551937067325	Infinity		0.000000e+00  
623	0	0	-Infinity	1.2692717388198487	Infinity		0.000000e+00  
624	0	0	-Infinity	1.1997275485156131	Infinity		0.000000e+00  
625	0	0	-Infinity	1.1930325449109491	Infinity		0.000000e+00  
626	0	0	-Infinity	1.1518379168286792	Infinity		0.000000e+00  
627	0	0	-Infinity	1.1567955942580948	Infinity		0.000000e+00  
628	0	0	-Infinity	1.134535738008497	Infinity		0.000000e+00  
629	0	0	-Infinity	1.1326598942273898	Infinity		0.000000e+00  
630	0	0	-Infinity	1.0763960367655365	Infinity		0.000000e+00  
631	0	0	-Infinity	1.0742905093013768	Infinity		0.000000e+00  
632	0	0	-Infinity	1.0360080258885365	Infinity		0.000000e+00  
633	0	0	-Infinity	1.034229680319688	Infinity		0.000000e+00  
634	0	0	-Infinity	1.0189149732686282	Infinity		0.000000e+00  
635	0	0	-Infinity	1.0170190017306737	Infinity		0.000000e+00  
636	0	0	-Infinity	0.9666265103954362	Infinity		0.000000e+00  
637	0	0	-Infinity	0.9648207409190322	Infinity		0.000000e+00  
638	0	0	-Infinity	0.9304134264532647	Infinity		0.000000e+00  
639	0	0	-Infinity	0.9286807120406066	Infinity		0.000000e+00  
640	0	0	-Infinity	0.9150292894614913	Infinity		0.000000e+00  
641	0	0	-Infinity	0.9133220245621974	Infinity		0.000000e+00  
642	0	0	-Infinity	0.8680704032311937	Infinity		0.000000e+00  
643	0	0	-Infinity	0.8664505998771266	Infinity		0.000000e+00  
644	0	0	-Infinity	0.8355507870235922	Infinity		0.000000e+00  
645	0	0	-Infinity	0.8339917823778864	Infinity		0.000000e+00  
646	0	0	-Infinity	0.8217344535431272	Infinity		0.000000e+00  
647	0	0	-Infinity	0.820201158276412	Infinity		0.000000e+00  
648	0	0	-Infinity	0.779563380791254	Infinity		0.000000e+00  
649	0	0	-Infinity	0.7781087702394794	Infinity		0.000000e+00  
650	0	0	-Infinity	0.7503594375195446	Infinity		0.000000e+00  
651	0	0	-Infinity	0.7489593220393989	Infinity		0.000000e+00  
652	0	0	-Infinity	0.7379517783210822	Infinity		0.000000e+00  
653	0	0	-Infinity	0.736574813101919	Infinity		0.000000e+00  
654	0	0	-Infinity	0.7000803970945839	Infinity		0.000000e+00  
655	0	0	-Infinity	0.6987740970898848	Infinity		0.000000e+00  
656	0	0	-Infinity	0.6738540398106099	Infinity		0.000000e+00  
657	0	0	-Infinity	0.672596676370563	Infinity		0.000000e+00  
658	0	0	-Infinity	0.6627114445218679	Infinity		0.000000e+00  
659	0	0	-Infinity	0.6614748723347369	Infinity		0.000000e+00  
660	0	0	-Infinity	0.6287013662102278	Infinity		0.000000e+00  
661	0	0	-Infinity	0.6275282543967283	Infinity		0.000000e+00  
662	0	0	-Infinity	0.6051490046319975	Infinity		0.000000e+00  
663	0	0	-Infinity	0.6040198398430353	Infinity		0.000000e+00  
664	0	0	-Infinity	0.5951424897866551	Infinity		0.000000e+00  
665	0	0	-Infinity	0.5940319964384065	Infinity		0.000000e+00  
666	0	0	-Infinity	0.5646000223947836	Infinity		0.000000e+00  
667	0	0	-Infinity	0.5635465191076486	Infinity		0.000000e+00  
668	0	0	-Infinity	0.5434490203624872	Infinity		0.000000e+00  
669	0	0	-Infinity	0.5424349833334012	Infinity		0.000000e+00  
670	0	0	-Infinity	0.534462753098663	Infinity		0.000000e+00  
671	0	0	-Infinity	0.5334654838020086	Infinity		0.000000e+00  
672	0	0	-Infinity	0.5070343447951896	Infinity		0.000000e+00  
673	0	0	-Infinity	0.5060882549479766	Infinity		0.000000e+00  
674	0	0	-Infinity	0.4880398636904362	Infinity		0.000000e+00  
675	0	0	-Infinity	0.48712921618723937	Infinity		0.000000e+00  
676	0	0	-Infinity	0.4799698212645306	Infinity		0.000000e+00  
677	0	0	-Infinity	0.479074231883781	Infinity		0.000000e+00  
678	0	0	-Infinity	0.4553379677729439	Infinity		0.000000e+00  
679	0	0	-Infinity	0.45448833967025853	Infinity		0.000000e+00  
680	0	0	-Infinity	0.43828013231491364	Infinity		0.000000e+00  
681	0	0	-Infinity	0.43746233291398995	Infinity		0.000000e+00  
682	0	0	-Infinity	0.43714850830796964	Infinity		0.000000e+00  
683	0	0	-Infinity	0.43633282043658483	Infinity		0.000000e+00  
684	0	0	-Infinity	0.43359220266987825	Infinity		0.000000e+00  
685	0	0	-Infinity	0.4327831506108721	Infinity		0.000000e+00  
686	0	0	-Infinity	0.4310328841170208	Infinity		0.000000e+00  
687	0	0	-Infinity	0.43022860756309045	Infinity		0.000000e+00  
688	0	0	-Infinity	0.4250028006372954	Infinity		0.000000e+00  
689	0	0	-Infinity	0.42420977578827984	Infinity		0.000000e+00  
690	0	0	-Infinity	0.4064988458139639	Infinity		0.000000e+00  
691	0	0	-Infinity	0.40574034802210784	Infinity		0.000000e+00  
692	0	0	-Infinity	0.39359382019291067	Infinity		0.000000e+00  
693	0	0	-Infinity	0.39285940225645755	Infinity		0.000000e+00  
694	0	0	-Infinity	0.3870855017872342	Infinity		0.000000e+00  
695	0	0	-Infinity	0.3863632279077273	Infinity		0.000000e+00  
696	0	0	-Infinity	0.367220433305283	Infinity		0.000000e+00  
697	0	0	-Infinity	0.36653522622373536	Infinity		0.000000e+00  
698	0	0	-Infinity	0.3534636500550025	Infinity		0.000000e+00  
699	0	0	-Infinity	0.3528041121477482	Infinity		0.000000e+00  
700	0	0	-Infinity	0.3476189089505818	Infinity		0.000000e+00  
701	0	0	-Infinity	0.3469702769125114	Infinity		0.000000e+00  
702	0	0	-Infinity	0.3297792497537021	Infinity		0.000000e+00  
703	0	0	-Infinity	0.3291639052445656	Infinity		0.000000e+00  
704	0	0	-Infinity	0.31742508520345786	Infinity		0.000000e+00  
705	0	0	-Infinity	0.3168327926823244	Infinity		0.000000e+00  
706	0	0	-Infinity	0.3121762641641215	Infinity		0.000000e+00  
707	0	0	-Infinity	0.3115937655679323	Infinity		0.000000e+00  
708	0	0	-Infinity	0.2961555068963443	Infinity		0.000000e+00  
709	0	0	-Infinity	0.29560290188810956	Infinity		0.000000e+00  
710	0	0	-Infinity	0.28506095238003026	Infinity		0.000000e+00  
711	0	0	-Infinity	0.2845290490176122	Infinity		0.000000e+00  
712	0	0	-Infinity	0.28034729238887474	Infinity		0.000000e+00  
713	0	0	-Infinity	0.279824184379063	Infinity		0.000000e+00  
714	0	0	-Infinity	0.26595998483957234	Infinity		0.000000e+00  
715	0	0	-Infinity	0.26546372251729883	Infinity		0.000000e+00  
716	0	0	-Infinity	0.2559966126173137	Infinity		0.000000e+00  
717	0	0	-Infinity	0.2555189412354089	Infinity		0.000000e+00  
718	0	0	-Infinity	0.25176354954535063	Infinity		0.000000e+00  
719	0	0	-Infinity	0.2512937767566491	Infinity		0.000000e+00  
720	0	0	-Infinity	0.23884314790309427	Infinity		0.000000e+00  
721	0	0	-Infinity	0.23839748366035002	Infinity		0.000000e+00  
722	0	0	-Infinity	0.2298956245126017	Infinity		0.000000e+00  
723	0	0	-Infinity	0.22946665570900251	Infinity		0.000000e+00  
724	0	0	-Infinity	0.2260941574985362	Infinity		0.000000e+00  
725	0	0	-Infinity	0.22567228196068934	Infinity		0.000000e+00  
726	0	0	-Infinity	0.2144910984809841	Infinity		0.000000e+00  
727	0	0	-Infinity	0.21409087342194696	Infinity		0.000000e+00  
728	0	0	-Infinity	0.20645584966778552	Infinity		0.000000e+00  
729	0	0	-Infinity	0.20607061780861735	Infinity		0.000000e+00  
730	0	0	-Infinity	0.20304197389681897	Infinity		0.000000e+00  
731	0	0	-Infinity	0.20266311208588292	Infinity		0.000000e+00  
732	0	0	-Infinity	0.19262194344476585	Infinity		0.000000e+00  
733	0	0	-Infinity	0.1922625246659	Infinity		0.000000e+00  
734	0	0	-Infinity	0.18540595521301423	Infinity		0.000000e+00  
735	0	0	-Infinity	0.1850600009522907	Infinity		0.000000e+00  
736	0	0	-Infinity	0.18234015252789978	Infinity		0.000000e+00  
737	0	0	-Infinity	0.18199991883601704	Infinity		0.000000e+00  
738	0	0	-Infinity	0.17298253101974675	Infinity		0.000000e+00  
739	0	0	-Infinity	0.17265975798076352	Infinity		0.000000e+00  
740	0	0	-Infinity	0.16650227292554526	Infinity		0.000000e+00  
741	0	0	-Infinity	0.1661915915849356	Infinity		0.000000e+00  
742	0	0	-Infinity	0.16374905437441695	Infinity		0.000000e+00  
743	0	0	-Infinity	0.16344351034292792	Infinity		0.000000e+00  
744	0	0	-Infinity	0.15534552036430144	Infinity		0.000000e+00  
745	0	0	-Infinity	0.15505565672658037	Infinity		0.000000e+00  
746	0	0	-Infinity	0.14952597858873143	Infinity		0.000000e+00  
747	0	0	-Infinity	0.1492469738000389	Infinity		0.000000e+00  
748	0	0	-Infinity	0.14705347361368873	Infinity		0.000000e+00  
749	0	0	-Infinity	0.14677908234253056	Infinity		0.000000e+00  
750	0	0	-Infinity	0.1395067499302579	Infinity		0.000000e+00  
751	0	0	-Infinity	0.13924644030608727	Infinity		0.000000e+00  
752	0	0	-Infinity	0.13428055893780588	Infinity		0.000000e+00  
753	0	0	-Infinity	0.1340300010124632	Infinity		0.000000e+00  
754	0	0	-Infinity	0.13206014645074324	Infinity		0.000000e+00  
755	0	0	-Infinity	0.13181373165640142	Infinity		0.000000e+00  
756	0	0	-Infinity	0.1252828741402285	Infinity		0.000000e+00  
757	0	0	-Infinity	0.12504910525161447	Infinity		0.000000e+00  
758	0	0	-Infinity	0.12058953687424279	Infinity		0.000000e+00  
759	0	0	-Infinity	0.12036452541754065	Infinity		0.000000e+00  
760	0	0	-Infinity	0.11859551394484431	Infinity		0.000000e+00  
761	0	0	-Infinity	0.11837422319241989	Infinity		0.000000e+00  
762	0	0	-Infinity	0.11250924102755835	Infinity		0.000000e+00  
763	0	0	-Infinity	0.11229930682537106	Infinity		0.000000e+00  
764	0	0	-Infinity	0.1082944286095648	Infinity		0.000000e+00  
765	0	0	-Infinity	0.10809235894613638	Infinity		0.000000e+00  
766	0	0	-Infinity	0.10650371293567433	Infinity		0.000000e+00  
767	0	0	-Infinity	0.10630498461966732	Infinity		0.000000e+00  
768	0	0	-Infinity	0.10103798626466043	Infinity		0.000000e+00  
769	0	0	-Infinity	0.10084945660398015	Infinity		0.000000e+00  
770	0	0	-Infinity	0.09725290909839719	Infinity		0.000000e+00  
771	0	0	-Infinity	0.09707144212123339	Infinity		0.000000e+00  
772	0	0	-Infinity	0.09564477181118802	Infinity		0.000000e+00  
773	0	0	-Infinity	0.09546630550317779	Infinity		0.000000e+00  
774	0	0	-Infinity	0.09073632152526656	Infinity		0.000000e+00  
775	0	0	-Infinity	0.09056701403467556	Infinity		0.000000e+00  
776	0	0	-Infinity	0.087337164520767	Infinity		0.000000e+00  
777	0	0	-Infinity	0.08717419961420651	Infinity		0.000000e+00  
778	0	0	-Infinity	0.08589299023185987	Infinity		0.000000e+00  
779	0	0	-Infinity	0.08573272005126427	Infinity		0.000000e+00  
780	0	0	-Infinity	0.08148499735898689	Infinity		0.000000e+00  
781	0	0	-Infinity	0.08133295217806319	Infinity		0.000000e+00  
782	0	0	-Infinity	0.07843241273918687	Infinity		0.000000e+00  
783	0	0	-Infinity	0.07828606346298139	Infinity		0.000000e+00  
784	0	0	-Infinity	0.07713548405466822	Infinity		0.000000e+00  
785	0	0	-Infinity	0.07699155475466957	Infinity		0.000000e+00  
786	0	0	-Infinity	0.0731769227907817	Infinity		0.000000e+00  
787	0	0	-Infinity	0.07304037988312957	Infinity		0.000000e+00  
788	0	0	-Infinity	0.07043557461288734	Infinity		0.000000e+00  
789	0	0	-Infinity	0.07030414686507669	Infinity		0.000000e+00  
790	0	0	-Infinity	0.06927087861630549	Infinity		0.000000e+00  
791	0	0	-Infinity	0.0691416241079402	Infinity		0.000000e+00  
792	0	0	-Infinity	0.06571592566385902	Infinity		0.000000e+00  
793	0	0	-Infinity	0.06559330444360725	Infinity		0.000000e+00  
794	0	0	-Infinity	0.06325408077869489	Infinity		0.000000e+00  
795	0	0	-Infinity	0.06313605318494625	Infinity		0.000000e+00  
796	0	0	-Infinity	0.06220813524526103	Infinity		0.000000e+00  
797	0	0	-Infinity	0.062092059311211	Infinity		0.000000e+00  
798	0	0	-Infinity	0.05901563937274714	Infinity		0.000000e+00  
799	0	0	-Infinity	0.05890552040782776	Infinity		0.000000e+00  
800	0	0	-Infinity	0.05680480009033477	Infinity		0.000000e+00  
801	0	0	-Infinity	0.05669880639346571	Infinity		0.000000e+00  
802	0	0	-Infinity	0.05586549742097179	Infinity		0.000000e+00  
803	0	0	-Infinity	0.05576125639578148	Infinity		0.000000e+00  
804	0	0	-Infinity	0.05299850310842228	Infinity		0.000000e+00  
805	0	0	-Infinity	0.05289961168968074	Infinity		0.000000e+00  
806	0	0	-Infinity	0.05101307731616041	Infinity		0.000000e+00  
807	0	0	-Infinity	0.05091789056012203	Infinity		0.000000e+00  
808	0	0	-Infinity	0.05016954438175848	Infinity		0.000000e+00  
809	0	0	-Infinity	0.05007593159776511	Infinity		0.000000e+00  
810	0	0	-Infinity	0.04759486403293716	Infinity		0.000000e+00  
811	0	0	-Infinity	0.04750605541849248	Infinity		0.000000e+00  
812	0	0	-Infinity	0.0458118689461927	Infinity		0.000000e+00  
813	0	0	-Infinity	0.04572638727310191	Infinity		0.000000e+00  
814	0	0	-Infinity	0.04505434122443431	Infinity		0.000000e+00  
815	0	0	-Infinity	0.04497027304392456	Infinity		0.000000e+00  
816	0	0	-Infinity	0.0427421709942753	Infinity		0.000000e+00  
817	0	0	-Infinity	0.042662417158214526	Infinity		0.000000e+00  
818	0	0	-Infinity	0.04114096711578518	Infinity		0.000000e+00  
819	0	0	-Infinity	0.04106420101155179	Infinity		0.000000e+00  
820	0	0	-Infinity	0.040460675658757765	Infinity		0.000000e+00  
821	0	0	-Infinity	0.04038517892987518	Infinity		0.000000e+00  
822	0	0	-Infinity	0.03838425045259444	Infinity		0.000000e+00  
823	0	0	-Infinity	0.038312628184736616	Infinity		0.000000e+00  
824	0	0	-Infinity	0.036946302653947015	Infinity		0.000000e+00  
825	0	0	-Infinity	0.03687736349398094	Infinity		0.000000e+00  
826	0	0	-Infinity	0.036335372580182684	Infinity		0.000000e+00  
827	0	0	-Infinity	0.036267573372033395	Infinity		0.000000e+00  
828	0	0	-Infinity	0.03447065622874137	Infinity		0.000000e+00  
829	0	0	-Infinity	0.034406336447996295	Infinity		0.000000e+00  
830	0	0	-Infinity	0.033179319191705345	Infinity		0.000000e+00  
831	0	0	-Infinity	0.03311740895365574	Infinity		0.000000e+00  
832	0	0	-Infinity	0.03263067853048338	Infinity		0.000000e+00  
833	0	0	-Infinity	0.032569792016634305	Infinity		0.000000e+00  
834	0	0	-Infinity	0.030956085551445033	Infinity		0.000000e+00  
835	0	0	-Infinity	0.030898323708374552	Infinity		0.000000e+00  
836	0	0	-Infinity	0.029796411087120073	Infinity		0.000000e+00  
837	0	0	-Infinity	0.02974081311364622	Infinity		0.000000e+00  
838	0	0	-Infinity	0.029303708913697976	Infinity		0.000000e+00  
839	0	0	-Infinity	0.02924903028734158	Infinity		0.000000e+00  
840	0	0	-Infinity	0.02779985464469117	Infinity		0.000000e+00  
841	0	0	-Infinity	0.02774798210292371	Infinity		0.000000e+00  
842	0	0	-Infinity	0.02675841865680806	Infinity		0.000000e+00  
843	0	0	-Infinity	0.026708489360176862	Infinity		0.000000e+00  
844	0	0	-Infinity	0.026315951575992685	Infinity		0.000000e+00  
845	0	0	-Infinity	0.026266847891307375	Infinity		0.000000e+00  
846	0	0	-Infinity	0.02496542778257423	Infinity		0.000000e+00  
847	0	0	-Infinity	0.024918844078730292	Infinity		0.000000e+00  
848	0	0	-Infinity	0.024030174872806873	Infinity		0.000000e+00  
849	0	0	-Infinity	0.02398533628408802	Infinity		0.000000e+00  
850	0	0	-Infinity	0.023632820998563637	Infinity		0.000000e+00  
851	0	0	-Infinity	0.023588723843745805	Infinity		0.000000e+00  
852	0	0	-Infinity	0.022419994360961062	Infinity		0.000000e+00  
853	0	0	-Infinity	0.022378160253958845	Infinity		0.000000e+00  
854	0	0	-Infinity	0.021580098279919475	Infinity		0.000000e+00  
855	0	0	-Infinity	0.021539831358962532	Infinity		0.000000e+00  
856	0	0	-Infinity	0.021223257944306264	Infinity		0.000000e+00  
857	0	0	-Infinity	0.02118365686189913	Infinity		0.000000e+00  
858	0	0	-Infinity	0.02013408909003844	Infinity		0.000000e+00  
859	0	0	-Infinity	0.020096520318896537	Infinity		0.000000e+00  
860	0	0	-Infinity	0.019379827413909926	Infinity		0.000000e+00  
861	0	0	-Infinity	0.01934366604112413	Infinity		0.000000e+00  
862	0	0	-Infinity	0.019059369924374146	Infinity		0.000000e+00  
863	0	0	-Infinity	0.019023806502346582	Infinity		0.000000e+00  
864	0	0	-Infinity	0.01808125091211865	Infinity		0.000000e+00  
865	0	0	-Infinity	0.018047512590295006	Infinity		0.000000e+00  
866	0	0	-Infinity	0.0174038924995251	Infinity		0.000000e+00  
867	0	0	-Infinity	0.017371418080009717	Infinity		0.000000e+00  
868	0	0	-Infinity	0.017116108321807173	Infinity		0.000000e+00  
869	0	0	-Infinity	0.0170841708870508	Infinity		0.000000e+00  
870	0	0	-Infinity	0.01623771669426731	Infinity		0.000000e+00  
871	0	0	-Infinity	0.016207418275534194	Infinity		0.000000e+00  
872	0	0	-Infinity	0.015629420616991192	Infinity		0.000000e+00  
873	0	0	-Infinity	0.015600257235161735	Infinity		0.000000e+00  
874	0	0	-Infinity	0.0153709784347328	Infinity		0.000000e+00  
875	0	0	-Infinity	0.01534229728762172	Infinity		0.000000e+00  
876	0	0	-Infinity	0.01458214615389068	Infinity		0.000000e+00  
877	0	0	-Infinity	0.01455493691142546	Infinity		0.000000e+00  
878	0	0	-Infinity	0.014035870931200768	Infinity		0.000000e+00  
879	0	0	-Infinity	0.014009680999159835	Infinity		0.000000e+00  
880	0	0	-Infinity	0.013803779083260909	Infinity		0.000000e+00  
881	0	0	-Infinity	0.013778022218089962	Infinity		0.000000e+00  
882	0	0	-Infinity	0.013095374827450419	Infinity		0.000000e+00  
883	0	0	-Infinity	0.013070939794019684	Infinity		0.000000e+00  
884	0	0	-Infinity	0.012604796916458437	Infinity		0.000000e+00  
885	0	0	-Infinity	0.012581277266377274	Infinity		0.000000e+00  
886	0	0	-Infinity	0.012396368766457552	Infinity		0.000000e+00  
887	0	0	-Infinity	0.012373238028396408	Infinity		0.000000e+00  
888	0	0	-Infinity	0.011760192228454642	Infinity		0.000000e+00  
889	0	0	-Infinity	0.011738248550337886	Infinity		0.000000e+00  
890	0	0	-Infinity	0.011319632823808594	Infinity		0.000000e+00  
891	0	0	-Infinity	0.011298511198022944	Infinity		0.000000e+00  
892	0	0	-Infinity	0.011132455660626617	Infinity		0.000000e+00  
893	0	0	-Infinity	0.011111683294069245	Infinity		0.000000e+00  
894	0	0	-Infinity	0.01056114262260942	Infinity		0.000000e+00  
895	0	0	-Infinity	0.01054143628534937	Infinity		0.000000e+00  
896	0	0	-Infinity	0.010165501920689405	Infinity		0.000000e+00  
897	0	0	-Infinity	0.010146533820601789	Infinity		0.000000e+00  
898	0	0	-Infinity	0.009997409029253241	Infinity		0.000000e+00  
899	0	0	-Infinity	0.009978754578595667	Infinity		0.000000e+00  
900	0	0	-Infinity	0.00948434611675488	Infinity		0.000000e+00  
901	0	0	-Infinity	0.009466649004830185	Infinity		0.000000e+00  
902	0	0	-Infinity	0.009129044281889986	Infinity		0.000000e+00  
903	0	0	-Infinity	0.009112010137676341	Infinity		0.000000e+00  
904	0	0	-Infinity	0.00897808986150835	Infinity		0.000000e+00  
905	0	0	-Infinity	0.00896133738751032	Infinity		0.000000e+00  
906	0	0	-Infinity	0.008517337988653492	Infinity		0.000000e+00  
907	0	0	-Infinity	0.008501445244729346	Infinity		0.000000e+00  
908	0	0	-Infinity	0.008198262136569353	Infinity		0.000000e+00  
909	0	0	-Infinity	0.008182964765439865	Infinity		0.000000e+00  
910	0	0	-Infinity	0.008062698777746968	Infinity		0.000000e+00  
911	0	0	-Infinity	0.008047654358122637	Infinity		0.000000e+00  
912	0	0	-Infinity	0.007648924398077942	Infinity		0.000000e+00  
913	0	0	-Infinity	0.007634652051844933	Infinity		0.000000e+00  
914	0	0	-Infinity	0.0073623809885090385	Infinity		0.000000e+00  
915	0	0	-Infinity	0.0073486433117767695	Infinity		0.000000e+00  
916	0	0	-Infinity	0.007240639443763152	Infinity		0.000000e+00  
917	0	0	-Infinity	0.00722712892808452	Infinity		0.000000e+00  
918	0	0	-Infinity	0.006869052810373091	Infinity		0.000000e+00  
919	0	0	-Infinity	0.006856235648770107	Infinity		0.000000e+00  
920	0	0	-Infinity	0.006611724889471508	Infinity		0.000000e+00  
921	0	0	-Infinity	0.006599387883440527	Infinity		0.000000e+00  
922	0	0	0.09999999000000001	1	10.0000001		0.000000e+00  
923	0	0	0.09999999000000001	1	10.0000001		0.000000e+00  
924	0	0	0.09999999000000001	1	10.0000001		0.000000e+00  
925	0	0	-Infinity	996.5945886873872	Infinity		0.000000e+00  
926	0	0	-Infinity	993.7540937062164	Infinity		0.000000e+00  
927	0	0	-Infinity	984.927066460421	Infinity		0.000000e+00  
928	0	0	-Infinity	978.6617075031926	Infinity		0.000000e+00  
929	0	0	-Infinity	975.9597644957446	Infinity		0.000000e+00  
930	0	0	-Infinity	967.5574364162491	Infinity		0.000000e+00  
931	0	0	-Infinity	961.5936962039461	Infinity		0.000000e+00  
932	0	0	-Infinity	959.0219723480158	Infinity		0.000000e+00  
933	0	0	-Infinity	951.0247340866676	Infinity		0.000000e+00  
934	0	0	-Infinity	945.3487448268728	Infinity		0.000000e+00  
935	0	0	-Infinity	942.9011643140103	Infinity		0.000000e+00  
936	0	0	-Infinity	935.2901729706609	Infinity		0.000000e+00  
937	0	0	-Infinity	929.8884965450933	Infinity		0.000000e+00  
938	0	0	-Infinity	927.5592470764192	Infinity		0.000000e+00  
939	0	0	-Infinity	920.3163737126056	Infinity		0.000000e+00  
940	0	0	-Infinity	915.1760941955421	Infinity		0.000000e+00  
941	0	0	-Infinity	912.9595944222153	Infinity		0.000000e+00  
942	0	0	-Infinity	906.0674409128255	Infinity		0.000000e+00  
943	0	0	-Infinity	901.1761739053912	Infinity		0.000000e+00  
944	0	0	-Infinity	899.0670747593376	Infinity		0.000000e+00  
945	0	0	-Infinity	892.5089760833785	Infinity		0.000000e+00  
946	0	0	-Infinity	887.8548667318543	Infinity		0.000000e+00  
947	0	0	-Infinity	885.848049687767	Infinity		0.000000e+00  
948	0	0	-Infinity	879.6080655741979	Infinity		0.000000e+00  
949	0	0	-Infinity	875.1797801191159	Infinity		0.000000e+00  
950	0	0	-Infinity	873.2703529581352	Infinity		0.000000e+00  
951	0	0	-Infinity	867.3332526220995	Infinity		0.000000e+00  
952	0	0	-Infinity	863.1199657973127	Infinity		0.000000e+00  
953	0	0	-Infinity	861.3032567564615	Infinity		0.000000e+00  
954	0	0	-Infinity	855.6544992247455	Infinity		0.000000e+00  
955	0	0	-Infinity	851.6458790351546	Infinity		0.000000e+00  
956	0	0	-Infinity	849.9174299449702	Infinity		0.000000e+00  
957	0	0	-Infinity	844.5431416514184	Infinity		0.000000e+00  
958	0	0	-Infinity	840.7293325625689	Infinity		0.000000e+00  
959	0	0	-Infinity	840.4735286844722	Infinity		0.000000e+00  
960	0	0	-Infinity	839.6673037364768	Infinity		0.000000e+00  
961	0	0	-Infinity	839.0849007880419	Infinity		0.000000e+00  
962	0	0	-Infinity	837.7052994994135	Infinity		0.000000e+00  
963	0	0	-Infinity	833.4050449818164	Infinity		0.000000e+00  
964	0	0	-Infinity	830.3434474219085	Infinity		0.000000e+00  
965	0	0	-Infinity	828.7789604489628	Infinity		0.000000e+00  
966	0	0	-Infinity	823.9145388069526	Infinity		0.000000e+00  
967	0	0	-Infinity	820.4626023011	Infinity		0.000000e+00  
968	0	0	-Infinity	818.9742062562558	Infinity		0.000000e+00  
969	0	0	-Infinity	814.3463942274824	Infinity		0.000000e+00  
970	0	0	-Infinity	811.0623824165585	Infinity		0.000000e+00  
971	0	0	-Infinity	809.6463965273502	Infinity		0.000000e+00  
972	0	0	-Infinity	805.243744804042	Infinity		0.000000e+00  
973	0	0	-Infinity	802.1195286924226	Infinity		0.000000e+00  
974	0	0	-Infinity	800.7724468753557	Infinity		0.000000e+00  
975	0	0	-Infinity	796.5840502348352	Infinity		0.000000e+00  
976	0	0	-Infinity	793.6118877429187	Infinity		0.000000e+00  
977	0	0	-Infinity	792.3303709444365	Infinity		0.000000e+00  
978	0	0	-Infinity	788.3458442444133	Infinity		0.000000e+00  
979	0	0	-Infinity	785.5183630079168	Infinity		0.000000e+00  
980	0	0	-Infinity	784.2992317474042	Infinity		0.000000e+00  
981	0	0	-Infinity	780.5086865921616	Infinity		0.000000e+00  
982	0	0	-Infinity	777.8188672743986	Infinity		0.000000e+00  
983	0	0	-Infinity	776.6590944172628	Infinity		0.000000e+00  
984	0	0	-Infinity	773.0531165714763	Infinity		0.000000e+00  
985	0	0	-Infinity	770.4942767341245	Infinity		0.000000e+00  
986	0	0	-Infinity	769.3909805124425	Infinity		0.000000e+00  
987	0	0	-Infinity	765.9606081093178	Infinity		0.000000e+00  
988	0	0	-Infinity	763.5263866682175	Infinity		0.000000e+00  
989	0	0	-Infinity	762.4768239588085	Infinity		0.000000e+00  
990	0	0	-Infinity	759.2135265275165	Infinity		0.000000e+00  
991	0	0	-Infinity	756.8978688063116	Infinity		0.000000e+00  
992	0	0	-Infinity	755.8994286705858	Infinity		0.000000e+00  
993	0	0	-Infinity	752.795086992239	Infinity		0.000000e+00  
994	0	0	-Infinity	750.5922303767428	Infinity		0.000000e+00  
995	0	0	-Infinity	749.6424278626777	Infinity		0.000000e+00  
996	0	0	-Infinity	746.6893146527357	Infinity		0.000000e+00  
997	0	0	-Infinity	744.5937748417311	Infinity		0.000000e+00  
998	0	0	-Infinity	743.6902450454544	Infinity		0.000000e+00  
999	0	0	-Infinity	740.8810064522604	Infinity		0.000000e+00  
1000	0	0	-Infinity	738.8875642953011	Infinity		0.000000e+00  
1001	0	0	-Infinity	738.0280566776945	Infinity		0.000000e+00  
1002	0	0	-Infinity	735.3556945810161	Infinity		0.000000e+00  
1003	0	0	-Infinity	733.4593834901476	Infinity		0.000000e+00  
1004	0	0	-Infinity	732.6417564424371	Infinity		0.000000e+00  
1005	0	0	-Infinity	730.099611531789	Infinity		0.000000e+00  
1006	0	0	-Infinity	728.295705451576	Infinity		0.000000e+00  
1007	0	0	-Infinity	727.5179211028661	Infinity		0.000000e+00  
1008	0	0	-Infinity	725.0996567125953	Infinity		0.000000e+00  
1009	0	0	-Infinity	723.3836586311303	Infinity		0.000000e+00  
1010	0	0	-Infinity	722.6437778901733	Infinity		0.000000e+00  
1011	0	0	-Infinity	720.3433645664504	Infinity		0.000000e+00  
1012	0	0	-Infinity	718.7109955489361	Infinity		0.000000e+00  
1013	0	0	-Infinity	718.0071733720089	Infinity		0.000000e+00  
1014	0	0	-Infinity	715.8188741457669	Infinity		0.000000e+00  
1015	0	0	-Infinity	714.2660628716366	Infinity		0.000000e+00  
1016	0	0	-Infinity	713.5965437481689	Infinity		0.000000e+00  
1017	0	0	-Infinity	711.5149000874515	Infinity		0.000000e+00  
1018	0	0	-Infinity	710.0377728717154	Infinity		0.000000e+00  
1019	0	0	-Infinity	709.4008865192233	Infinity		0.000000e+00  
1020	0	0	-Infinity	707.4207049342486	Infinity		0.000000e+00  
1021	0	0	-Infinity	706.0155762137356	Infinity		0.000000e+00  
1022	0	0	-Infinity	705.4097334736317	Infinity		0.000000e+00  
1023	0	0	-Infinity	703.5260727480089	Infinity		0.000000e+00  
1024	0	0	-Infinity	702.1894360133452	Infinity		0.000000e+00  
1025	0	0	-Infinity	701.6131249392876	Infinity		0.000000e+00  
1026	0	0	-Infinity	699.8212839611845	Infinity		0.000000e+00  
1027	0	0	-Infinity	698.5498031156692	Infinity		0.000000e+00  
1028	0	0	-Infinity	698.0015852462636	Infinity		0.000000e+00  
1029	0	0	-Infinity	696.2970914138481	Infinity		0.000000e+00  
1030	0	0	-Infinity	695.0875925407987	Infinity		0.000000e+00  
1031	0	0	-Infinity	694.5660993486619	Infinity		0.000000e+00  
1032	0	0	-Infinity	692.9446975247758	Infinity		0.000000e+00  
1033	0	0	-Infinity	691.7941610454134	Infinity		0.000000e+00  
1034	0	0	-Infinity	691.298090554823	Infinity		0.000000e+00  
1035	0	0	-Infinity	689.7557325465737	Infinity		0.000000e+00  
1036	0	0	-Infinity	688.6612857510586	Infinity		0.000000e+00  
1037	0	0	-Infinity	688.1893993166616	Infinity		0.000000e+00  
1038	0	0	-Infinity	686.7222338563913	Infinity		0.000000e+00  
1039	0	0	-Infinity	685.6811437911966	Infinity		0.000000e+00  
1040	0	0	-Infinity	685.2322630304953	Infinity		0.000000e+00  
1041	0	0	-Infinity	683.8366262354061	Infinity		0.000000e+00  
1042	0	0	-Infinity	682.8462929308118	Infinity		0.000000e+00  
1043	0	0	-Infinity	682.4192968034192	Infinity		0.000000e+00  
1044	0	0	-Infinity	681.091703091956	Infinity		0.000000e+00  
1045	0	0	-Infinity	680.1496531140557	Infinity		0.000000e+00  
1046	0	0	-Infinity	679.7434751409663	Infinity		0.000000e+00  
1047	0	0	-Infinity	678.4806085849116	Infinity		0.000000e+00  
1048	0	0	-Infinity	677.5844888971297	Infinity		0.000000e+00  
1049	0	0	-Infinity	677.1981145135247	Infinity		0.000000e+00  
1050	0	0	-Infinity	675.9968206055831	Infinity		0.000000e+00  
1051	0	0	-Infinity	675.144392725306	Infinity		0.000000e+00  
1052	0	0	-Infinity	674.7768567606723	Infinity		0.000000e+00  
1053	0	0	-Infinity	673.6341345781618	Infinity		0.000000e+00  
1054	0	0	-Infinity	672.8232690146846	Infinity		0.000000e+00  
1055	0	0	-Infinity	672.4736532942866	Infinity		0.000000e+00  
1056	0	0	-Infinity	671.3866480403613	Infinity		0.000000e+00  
1057	0	0	-Infinity	670.6153190009296	Infinity		0.000000e+00  
1058	0	0	-Infinity	670.2827500629274	Infinity		0.000000e+00  
1059	0	0	-Infinity	669.2487459675535	Infinity		0.000000e+00  
1060	0	0	-Infinity	668.5150263188626	Infinity		0.000000e+00  
1061	0	0	-Infinity	668.1986732416154	Infinity		0.000000e+00  
1062	0	0	-Infinity	667.2150868052981	Infinity		0.000000e+00  
1063	0	0	-Infinity	666.5171432783509	Infinity		0.000000e+00  
1064	0	0	-Infinity	666.2162156126868	Infinity		0.000000e+00  
1065	0	0	-Infinity	665.2805891766932	Infinity		0.000000e+00  
1066	0	0	-Infinity	664.6166778034662	Infinity		0.000000e+00  
1067	0	0	-Infinity	664.3304236049322	Infinity		0.000000e+00  
1068	0	0	-Infinity	663.4404192324864	Infinity		0.000000e+00  
1069	0	0	-Infinity	662.8088810033689	Infinity		0.000000e+00  
1070	0	0	-Infinity	662.5365849596959	Infinity		0.000000e+00  
1071	0	0	-Infinity	661.68997861332	Infinity		0.000000e+00  
1072	0	0	-Infinity	661.0892353447894	Infinity		0.000000e+00  
1073	0	0	-Infinity	660.8302169940283	Infinity		0.000000e+00  
1074	0	0	-Infinity	660.0248929948806	Infinity		0.000000e+00  
1075	0	0	-Infinity	659.4534433973614	Infinity		0.000000e+00  
1076	0	0	-Infinity	659.2070554323527	Infinity		0.000000e+00  
1077	0	0	-Infinity	658.4410011880626	Infinity		0.000000e+00  
1078	0	0	-Infinity	657.8974171243799	Infinity		0.000000e+00  
